{
  "frames": [
    {
      "file_path": "./images/0.png",
      "sharpness": 88.15655706803,
      "transform_matrix": [
        [
          -0.6434591975294527,
          0.08900159770088183,
          0.7602887456477558,
          2.9524473300847016
        ],
        [
          0.7622775294650054,
          -0.016261574982258317,
          0.647046002423185,
          2.4174633526413056
        ],
        [
          0.0699516204471502,
          0.9958987281962823,
          -0.05738025802521755,
          -0.47322929375721023
        ],
        [
          0.0,
          0.0,
          0.0,
          1.0
        ]
      ],
      "w": 3840.0,
      "h": 2160.0,
      "fl_x": 4196.6921024868,
      "fl_y": 4196.6921024868,
      "k1": -0.10016526911139847,
      "k2": 0,
      "k3": 0,
      "k4": 0,
      "p1": 0,
      "p2": 0,
      "cx": 1920.0,
      "cy": 1080.0,
      "is_fisheye": false,
      "camera_angle_x": 0.858152058270506,
      "camera_angle_y": 0.5037601513623468,
      "fovx": 49.16849111936468,
      "fovy": 28.863330559933996
    },
    {
      "file_path": "./images/1.png",
      "sharpness": 98.78296332458352,
      "transform_matrix": [
        [
          -0.3546127024752707,
          0.07529524427389762,
          0.9319766399809141,
          3.6006455397117296
        ],
        [
          0.9348668711361422,
          0.010913614748830998,
          0.35483070084934104,
          1.3399427543337694
        ],
        [
          0.016545830292667763,
          0.997101559140311,
          -0.07426113584562707,
          -0.4840400751976972
        ],
        [
          0.0,
          0.0,
          0.0,
          1.0
        ]
      ],
      "w": 3840.0,
      "h": 2160.0,
      "fl_x": 5312.604910042918,
      "fl_y": 5312.604910042918,
      "k1": -0.07182867105800891,
      "k2": 0,
      "k3": 0,
      "k4": 0,
      "p1": 0,
      "p2": 0,
      "cx": 1920.0,
      "cy": 1080.0,
      "is_fisheye": false,
      "camera_angle_x": 0.6935969942821557,
      "camera_angle_y": 0.4011142193023578,
      "fovx": 39.740180455327014,
      "fovy": 22.982151868710044
    },
    {
      "file_path": "./images/10.png",
      "sharpness": 113.57619526427469,
      "transform_matrix": [
        [
          0.44830662039822494,
          -0.05968602770093134,
          -0.8918849433876549,
          -3.707944896913895
        ],
        [
          -0.8936939197496234,
          -0.009578736996442445,
          -0.44857488293495323,
          -1.7882692461345944
        ],
        [
          0.01823052158500035,
          0.9981712407858826,
          -0.057635251260888455,
          -0.474837812111188
        ],
        [
          0.0,
          0.0,
          0.0,
          1.0
        ]
      ],
      "w": 3840.0,
      "h": 2160.0,
      "fl_x": 3952.802655826846,
      "fl_y": 3952.802655826846,
      "k1": -0.14338546134570743,
      "k2": 0,
      "k3": 0,
      "k4": 0,
      "p1": 0,
      "p2": 0,
      "cx": 1920.0,
      "cy": 1080.0,
      "is_fisheye": false,
      "camera_angle_x": 0.904335268605791,
      "camera_angle_y": 0.5334283982916173,
      "fovx": 51.81459415594148,
      "fovy": 30.563195894533163
    },
    {
      "file_path": "./images/11.png",
      "sharpness": 124.7194118904562,
      "transform_matrix": [
        [
          0.11846799497101801,
          -0.04854347861420613,
          -0.991770570691011,
          -4.077137823679929
        ],
        [
          -0.9929549609880811,
          -0.008209855424457978,
          -0.1182076297159694,
          -0.5917367083437988
        ],
        [
          -0.0024040834544522337,
          0.9987873292123477,
          -0.04917409302473223,
          -0.45509067901774636
        ],
        [
          0.0,
          0.0,
          0.0,
          1.0
        ]
      ],
      "w": 3840.0,
      "h": 2160.0,
      "fl_x": 5323.907509829423,
      "fl_y": 5323.907509829423,
      "k1": -0.07581846604210588,
      "k2": 0,
      "k3": 0,
      "k4": 0,
      "p1": 0,
      "p2": 0,
      "cx": 1920.0,
      "cy": 1080.0,
      "is_fisheye": false,
      "camera_angle_x": 0.6922394190028395,
      "camera_angle_y": 0.4002852402155909,
      "fovx": 39.6623971214509,
      "fovy": 22.93465486573369
    },
    {
      "file_path": "./images/12.png",
      "sharpness": 82.42756727430556,
      "transform_matrix": [
        [
          -0.17620465120855944,
          -0.04579393811931276,
          -0.9832877687438142,
          -3.99279063307544
        ],
        [
          -0.984342476131995,
          0.0034579965288116105,
          0.1762326074889077,
          0.654845112300559
        ],
        [
          -0.004670179430813142,
          0.9989449221697494,
          -0.045686233512439216,
          -0.45734098050074307
        ],
        [
          0.0,
          0.0,
          0.0,
          1.0
        ]
      ],
      "w": 3840.0,
      "h": 2160.0,
      "fl_x": 3090.5140781887676,
      "fl_y": 3090.5140781887676,
      "k1": -0.19009549683683435,
      "k2": 0,
      "k3": 0,
      "k4": 0,
      "p1": 0,
      "p2": 0,
      "cx": 1920.0,
      "cy": 1080.0,
      "is_fisheye": false,
      "camera_angle_x": 1.1118047451981223,
      "camera_angle_y": 0.6723809661967608,
      "fovx": 63.701719542470286,
      "fovy": 38.52459158800286
    },
    {
      "file_path": "./images/13.png",
      "sharpness": 117.36329957515677,
      "transform_matrix": [
        [
          -0.45021183219075395,
          -0.03774411162205396,
          -0.8921236955885102,
          -3.709436707887848
        ],
        [
          -0.8929030283656626,
          0.025505265099251596,
          0.4495260430582921,
          1.7636362283160925
        ],
        [
          0.005786890211096617,
          0.9989618929304813,
          -0.04518460370114846,
          -0.43560428885438446
        ],
        [
          0.0,
          0.0,
          0.0,
          1.0
        ]
      ],
      "w": 3840.0,
      "h": 2160.0,
      "fl_x": 5337.607225422411,
      "fl_y": 5337.607225422411,
      "k1": -0.07476788473561292,
      "k2": 0,
      "k3": 0,
      "k4": 0,
      "p1": 0,
      "p2": 0,
      "cx": 1920.0,
      "cy": 1080.0,
      "is_fisheye": false,
      "camera_angle_x": 0.690600744737377,
      "camera_angle_y": 0.3992849678993108,
      "fovx": 39.568508002043195,
      "fovy": 22.877343483647063
    },
    {
      "file_path": "./images/14.png",
      "sharpness": 122.41592930169753,
      "transform_matrix": [
        [
          -0.7281334023064379,
          -0.027577611530334906,
          -0.6848804449136565,
          -2.7832615895258033
        ],
        [
          -0.6853335525402752,
          0.046519102673178325,
          0.7267419726760035,
          2.8082886631160053
        ],
        [
          0.01181821593054239,
          0.998536653541511,
          -0.052771974982323944,
          -0.44589880113819697
        ],
        [
          0.0,
          0.0,
          0.0,
          1.0
        ]
      ],
      "w": 3840.0,
      "h": 2160.0,
      "fl_x": 3887.011230502153,
      "fl_y": 3887.011230502153,
      "k1": -0.13291276727548182,
      "k2": 0,
      "k3": 0,
      "k4": 0,
      "p1": 0,
      "p2": 0,
      "cx": 1920.0,
      "cy": 1080.0,
      "is_fisheye": false,
      "camera_angle_x": 0.9175962798850232,
      "camera_angle_y": 0.5420248960227965,
      "fovx": 52.57439413431687,
      "fovy": 31.055738933123518
    },
    {
      "file_path": "./images/15.png",
      "sharpness": 115.35400933151566,
      "transform_matrix": [
        [
          -0.8870523126469174,
          0.04810794398788991,
          -0.45915555140955117,
          -1.9131287684333553
        ],
        [
          -0.4548406594588747,
          0.0793530169858574,
          0.887030480422324,
          3.4969105122068553
        ],
        [
          0.07910859093786103,
          0.9956850528442519,
          -0.04850882826415244,
          -0.43872089913223133
        ],
        [
          0.0,
          0.0,
          0.0,
          1.0
        ]
      ],
      "w": 3840.0,
      "h": 2160.0,
      "fl_x": 5334.291757565099,
      "fl_y": 5334.291757565099,
      "k1": -0.0691789378047715,
      "k2": 0,
      "k3": 0,
      "k4": 0,
      "p1": 0,
      "p2": 0,
      "cx": 1920.0,
      "cy": 1080.0,
      "is_fisheye": false,
      "camera_angle_x": 0.690996636826842,
      "camera_angle_y": 0.39952659109581684,
      "fovx": 39.59119094791216,
      "fovy": 22.89118747303932
    },
    {
      "file_path": "./images/16.png",
      "sharpness": 105.1010971257716,
      "transform_matrix": [
        [
          -0.996472647403033,
          0.0025849744885554156,
          -0.08387836980818777,
          -0.39820548346449447
        ],
        [
          -0.08368744146938446,
          0.04346150024454676,
          0.9955438263264964,
          3.995967138865789
        ],
        [
          0.006218935183223584,
          0.9990517583891797,
          -0.04309186630758016,
          -0.4487528978178825
        ],
        [
          0.0,
          0.0,
          0.0,
          1.0
        ]
      ],
      "w": 3840.0,
      "h": 2160.0,
      "fl_x": 3843.6200465607817,
      "fl_y": 3843.6200465607817,
      "k1": -0.13769240809940586,
      "k2": 0,
      "k3": 0,
      "k4": 0,
      "p1": 0,
      "p2": 0,
      "cx": 1920.0,
      "cy": 1080.0,
      "is_fisheye": false,
      "camera_angle_x": 0.9265416100238024,
      "camera_angle_y": 0.5478439221418887,
      "fovx": 53.086923797620095,
      "fovy": 31.38914457062389
    },
    {
      "file_path": "./images/17.png",
      "sharpness": 80.43623782306216,
      "transform_matrix": [
        [
          -0.9905566664593876,
          0.02016479536669564,
          -0.13561294775160354,
          -0.6290752989838309
        ],
        [
          -0.13563191799136987,
          0.0004302269536974531,
          0.9907592026959682,
          3.9403895688374253
        ],
        [
          0.02003680092542798,
          0.999796577294493,
          0.0023088256944129694,
          0.113587911897135
        ],
        [
          0.0,
          0.0,
          0.0,
          1.0
        ]
      ],
      "w": 3840.0,
      "h": 2160.0,
      "fl_x": 5341.321787963356,
      "fl_y": 5341.321787963356,
      "k1": -0.06767343609356441,
      "k2": 0,
      "k3": 0,
      "k4": 0,
      "p1": 0,
      "p2": 0,
      "cx": 1920.0,
      "cy": 1080.0,
      "is_fisheye": false,
      "camera_angle_x": 0.6901577146446942,
      "camera_angle_y": 0.39901460194903593,
      "fovx": 39.54312424753518,
      "fovy": 22.86185265577227
    },
    {
      "file_path": "./images/18.png",
      "sharpness": 87.63196084043258,
      "transform_matrix": [
        [
          -0.9023609316620703,
          0.0012539756522093595,
          -0.43097932269683054,
          -1.78846261117246
        ],
        [
          -0.43097722630231705,
          0.0016399594939116682,
          0.9023613139655422,
          3.506280779519708
        ],
        [
          0.0018383277491447788,
          0.9999978690552882,
          -0.0009394004283743072,
          0.11502813216293521
        ],
        [
          0.0,
          0.0,
          0.0,
          1.0
        ]
      ],
      "w": 3840.0,
      "h": 2160.0,
      "fl_x": 4425.842922577981,
      "fl_y": 4425.842922577981,
      "k1": -0.09003360482645202,
      "k2": 0,
      "k3": 0,
      "k4": 0,
      "p1": 0,
      "p2": 0,
      "cx": 1920.0,
      "cy": 1080.0,
      "is_fisheye": false,
      "camera_angle_x": 0.818627676618909,
      "camera_angle_y": 0.4786875921411516,
      "fovx": 46.90391086286386,
      "fovy": 27.4267787349677
    },
    {
      "file_path": "./images/19.png",
      "sharpness": 100.40131594767462,
      "transform_matrix": [
        [
          -0.7725005072223764,
          0.007027869648810756,
          -0.6349752557592816,
          -2.5940251440826616
        ],
        [
          -0.6349982174382245,
          -0.0014666935934507022,
          0.7725122087450657,
          3.017144985065441
        ],
        [
          0.004497800965553309,
          0.9999742286155666,
          0.005595706244263571,
          0.12074547135720333
        ],
        [
          0.0,
          0.0,
          0.0,
          1.0
        ]
      ],
      "w": 3840.0,
      "h": 2160.0,
      "fl_x": 5324.405990310544,
      "fl_y": 5324.405990310544,
      "k1": -0.0663226554923614,
      "k2": 0,
      "k3": 0,
      "k4": 0,
      "p1": 0,
      "p2": 0,
      "cx": 1920.0,
      "cy": 1080.0,
      "is_fisheye": false,
      "camera_angle_x": 0.6921796630525477,
      "camera_angle_y": 0.4002487574386445,
      "fovx": 39.65897335769839,
      "fovy": 22.932564556589746
    },
    {
      "file_path": "./images/2.png",
      "sharpness": 103.55409939236111,
      "transform_matrix": [
        [
          0.0049548206319407415,
          0.047032761880385014,
          0.9988810585348005,
          3.834542061529445
        ],
        [
          0.9988400807034128,
          -0.04807548132857988,
          -0.00269096180313122,
          0.02437841664905135
        ],
        [
          0.04789512431334602,
          0.9977357703530721,
          -0.04721641305908539,
          -0.5012872482168564
        ],
        [
          0.0,
          0.0,
          0.0,
          1.0
        ]
      ],
      "w": 3840.0,
      "h": 2160.0,
      "fl_x": 3621.7160502725505,
      "fl_y": 3621.7160502725505,
      "k1": -0.15443388201494268,
      "k2": 0,
      "k3": 0,
      "k4": 0,
      "p1": 0,
      "p2": 0,
      "cx": 1920.0,
      "cy": 1080.0,
      "is_fisheye": false,
      "camera_angle_x": 0.9749286097278593,
      "camera_angle_y": 0.5796113700030218,
      "fovx": 55.85929466396331,
      "fovy": 33.20928525896871
    },
    {
      "file_path": "./images/20.png",
      "sharpness": 96.29239631558642,
      "transform_matrix": [
        [
          -0.5955219773950559,
          0.02714292631423063,
          -0.8028803373029991,
          -3.2698056772640838
        ],
        [
          -0.8030132937910329,
          0.008344402891270005,
          0.5959026941835925,
          2.2847643889093416
        ],
        [
          0.022874099926611723,
          0.9995967349529914,
          0.01682685535272745,
          0.11544544751342108
        ],
        [
          0.0,
          0.0,
          0.0,
          1.0
        ]
      ],
      "w": 3840.0,
      "h": 2160.0,
      "fl_x": 3088.3667249957443,
      "fl_y": 3088.3667249957443,
      "k1": -0.18145657023359288,
      "k2": 0,
      "k3": 0,
      "k4": 0,
      "p1": 0,
      "p2": 0,
      "cx": 1920.0,
      "cy": 1080.0,
      "is_fisheye": false,
      "camera_angle_x": 1.1124279641944703,
      "camera_angle_y": 0.6728140037411766,
      "fovx": 63.7374273606734,
      "fovy": 38.5494028116686
    },
    {
      "file_path": "./images/21.png",
      "sharpness": 100.63753146696334,
      "transform_matrix": [
        [
          -0.38941204023984344,
          0.00835762309444178,
          -0.9210257396455586,
          -3.7909695775551997
        ],
        [
          -0.9209235923146761,
          0.013905286706783784,
          0.38949503221457654,
          1.4345349937161538
        ],
        [
          0.016062379650505998,
          0.9998683879266319,
          0.0022818462167369033,
          0.1138381444191983
        ],
        [
          0.0,
          0.0,
          0.0,
          1.0
        ]
      ],
      "w": 3840.0,
      "h": 2160.0,
      "fl_x": 5336.060415441068,
      "fl_y": 5336.060415441068,
      "k1": -0.0696027130789221,
      "k2": 0,
      "k3": 0,
      "k4": 0,
      "p1": 0,
      "p2": 0,
      "cx": 1920.0,
      "cy": 1080.0,
      "is_fisheye": false,
      "camera_angle_x": 0.6907853914164969,
      "camera_angle_y": 0.39939765973765046,
      "fovx": 39.579087477457875,
      "fovy": 22.883800250369497
    },
    {
      "file_path": "./images/22.png",
      "sharpness": 112.46306833526235,
      "transform_matrix": [
        [
          -0.08041662109059251,
          0.014413390859508782,
          -0.9966571232141458,
          -4.083067763696819
        ],
        [
          -0.9967588099135242,
          0.0010896412692121043,
          0.08044058392179011,
          0.2815292571074779
        ],
        [
          0.0022454203097402358,
          0.9998955279843144,
          0.014279049050871724,
          0.10832848727059323
        ],
        [
          0.0,
          0.0,
          0.0,
          1.0
        ]
      ],
      "w": 3840.0,
      "h": 2160.0,
      "fl_x": 3163.3229572487894,
      "fl_y": 3163.3229572487894,
      "k1": -0.18578529102480787,
      "k2": 0,
      "k3": 0,
      "k4": 0,
      "p1": 0,
      "p2": 0,
      "cx": 1920.0,
      "cy": 1080.0,
      "is_fisheye": false,
      "camera_angle_x": 1.0910380216160913,
      "camera_angle_y": 0.6580093251765531,
      "fovx": 62.51187392690512,
      "fovy": 37.70115721286788
    },
    {
      "file_path": "./images/23.png",
      "sharpness": 85.42714843721515,
      "transform_matrix": [
        [
          0.15642896759774888,
          -0.00476354254920023,
          -0.9876777241569634,
          -4.054848021199189
        ],
        [
          -0.9875939259329151,
          0.01313563382659556,
          -0.1564790483879072,
          -0.6594556650516312
        ],
        [
          0.013719167528265285,
          0.9999023771466617,
          -0.0026496520492766316,
          0.0956122057989122
        ],
        [
          0.0,
          0.0,
          0.0,
          1.0
        ]
      ],
      "w": 3840.0,
      "h": 2160.0,
      "fl_x": 5333.753301628431,
      "fl_y": 5333.753301628431,
      "k1": -0.07387463487899237,
      "k2": 0,
      "k3": 0,
      "k4": 0,
      "p1": 0,
      "p2": 0,
      "cx": 1920.0,
      "cy": 1080.0,
      "is_fisheye": false,
      "camera_angle_x": 0.6910609736918758,
      "camera_angle_y": 0.3995658596863922,
      "fovx": 39.5948771787457,
      "fovy": 22.893437397546716
    },
    {
      "file_path": "./images/24.png",
      "sharpness": 93.3252594521605,
      "transform_matrix": [
        [
          0.43364376644730424,
          -0.004151197658997636,
          -0.901074831196936,
          -3.704356869872182
        ],
        [
          -0.9009204601665304,
          0.017076590944586956,
          -0.4336481459605687,
          -1.7138603150240423
        ],
        [
          0.017187445471153005,
          0.9998455668936539,
          0.0036652583101042377,
          0.09311626970562933
        ],
        [
          0.0,
          0.0,
          0.0,
          1.0
        ]
      ],
      "w": 3840.0,
      "h": 2160.0,
      "fl_x": 3118.5195880887213,
      "fl_y": 3118.5195880887213,
      "k1": -0.18744809309441557,
      "k2": 0,
      "k3": 0,
      "k4": 0,
      "p1": 0,
      "p2": 0,
      "cx": 1920.0,
      "cy": 1080.0,
      "is_fisheye": false,
      "camera_angle_x": 1.103733690825671,
      "camera_angle_y": 0.6667820710700644,
      "fovx": 63.23928219070822,
      "fovy": 38.203798527306795
    },
    {
      "file_path": "./images/25.png",
      "sharpness": 86.63849729938272,
      "transform_matrix": [
        [
          0.6086478545079018,
          0.024495976202111126,
          -0.7930622525313057,
          -3.2315350317680642
        ],
        [
          -0.7928947805030588,
          -0.018285987595203206,
          -0.6090841400895891,
          -2.40737213732591
        ],
        [
          -0.02942203711272925,
          0.99953267572639,
          0.00829300455660259,
          0.08447747499273715
        ],
        [
          0.0,
          0.0,
          0.0,
          1.0
        ]
      ],
      "w": 3840.0,
      "h": 2160.0,
      "fl_x": 3101.420506855555,
      "fl_y": 3101.420506855555,
      "k1": -0.1849109695151247,
      "k2": 0,
      "k3": 0,
      "k4": 0,
      "p1": 0,
      "p2": 0,
      "cx": 1920.0,
      "cy": 1080.0,
      "is_fisheye": false,
      "camera_angle_x": 1.1086490342226216,
      "camera_angle_y": 0.6701898178695158,
      "fovx": 63.52091062221099,
      "fovy": 38.39904803656458
    },
    {
      "file_path": "./images/26.png",
      "sharpness": 90.05486593364198,
      "transform_matrix": [
        [
          0.7937854140790614,
          -0.004000873220423479,
          -0.6081847658779372,
          -2.390008242161982
        ],
        [
          -0.6081748185834648,
          0.003495118353229237,
          -0.7937954233860676,
          -3.1989014740257025
        ],
        [
          0.0053015525892943826,
          0.9999858884996159,
          0.00034114362426703447,
          0.0727080560696654
        ],
        [
          0.0,
          0.0,
          0.0,
          1.0
        ]
      ],
      "w": 3840.0,
      "h": 2160.0,
      "fl_x": 3103.3790477707244,
      "fl_y": 3103.3790477707244,
      "k1": -0.18763093478965245,
      "k2": 0,
      "k3": 0,
      "k4": 0,
      "p1": 0,
      "p2": 0,
      "cx": 1920.0,
      "cy": 1080.0,
      "is_fisheye": false,
      "camera_angle_x": 1.1080840400986678,
      "camera_angle_y": 0.6697977932920665,
      "fovx": 63.48853884345874,
      "fovy": 38.37658668281133
    },
    {
      "file_path": "./images/27.png",
      "sharpness": 72.5356413962865,
      "transform_matrix": [
        [
          0.9061257854517367,
          0.017616167239213432,
          -0.42264137472385305,
          -1.6414873508982546
        ],
        [
          -0.4224133080540873,
          -0.015294002743814187,
          -0.906274291072452,
          -3.662056648268601
        ],
        [
          -0.022428957820807942,
          0.9997278450503713,
          -0.006416986770189437,
          0.07291693628384825
        ],
        [
          0.0,
          0.0,
          0.0,
          1.0
        ]
      ],
      "w": 3840.0,
      "h": 2160.0,
      "fl_x": 5332.23657035278,
      "fl_y": 5332.23657035278,
      "k1": -0.07086192015970666,
      "k2": 0,
      "k3": 0,
      "k4": 0,
      "p1": 0,
      "p2": 0,
      "cx": 1920.0,
      "cy": 1080.0,
      "is_fisheye": false,
      "camera_angle_x": 0.6912422606339083,
      "camera_angle_y": 0.39967651303234314,
      "fovx": 39.605264155404996,
      "fovy": 22.899777367258704
    },
    {
      "file_path": "./images/28.png",
      "sharpness": 73.00813922646576,
      "transform_matrix": [
        [
          0.990364010822859,
          0.03980557937799772,
          -0.13264479618302508,
          -0.5188083693043918
        ],
        [
          -0.13235087337613233,
          -0.009942188263545173,
          -0.9911530654793471,
          -3.921805065698773
        ],
        [
          -0.04077220155951535,
          0.9991579798911213,
          -0.004578082249119502,
          0.062259916959579636
        ],
        [
          0.0,
          0.0,
          0.0,
          1.0
        ]
      ],
      "w": 3840.0,
      "h": 2160.0,
      "fl_x": 3090.237157720253,
      "fl_y": 3090.237157720253,
      "k1": -0.1872219827004684,
      "k2": 0,
      "k3": 0,
      "k4": 0,
      "p1": 0,
      "p2": 0,
      "cx": 1920.0,
      "cy": 1080.0,
      "is_fisheye": false,
      "camera_angle_x": 1.1118850797862465,
      "camera_angle_y": 0.6724367801538315,
      "fovx": 63.706322375318734,
      "fovy": 38.527789492180936
    },
    {
      "file_path": "./images/29.png",
      "sharpness": 70.36027066331381,
      "transform_matrix": [
        [
          0.991397617457322,
          0.01882131928292959,
          0.1295242142519698,
          0.5289179459997647
        ],
        [
          0.12958055643303515,
          -0.0018003104972915747,
          -0.9915672636168553,
          -3.863218430269917
        ],
        [
          -0.018429420256462492,
          0.9998212424527492,
          -0.004223700563184105,
          0.05038376889696007
        ],
        [
          0.0,
          0.0,
          0.0,
          1.0
        ]
      ],
      "w": 3840.0,
      "h": 2160.0,
      "fl_x": 5308.954949803761,
      "fl_y": 5308.954949803761,
      "k1": -0.05070934004759527,
      "k2": 0,
      "k3": 0,
      "k4": 0,
      "p1": 0,
      "p2": 0,
      "cx": 1920.0,
      "cy": 1080.0,
      "is_fisheye": false,
      "camera_angle_x": 0.6940364895542712,
      "camera_angle_y": 0.40138264642732346,
      "fovx": 39.76536167953518,
      "fovy": 22.997531610077402
    },
    {
      "file_path": "./images/3.png",
      "sharpness": 137.3722254768892,
      "transform_matrix": [
        [
          0.3768618953961852,
          0.05817871096289498,
          0.9244405602451062,
          3.607487399584145
        ],
        [
          0.926187245603286,
          -0.036965408894243844,
          -0.37524757777643314,
          -1.3547041802534072
        ],
        [
          0.012340902940902678,
          0.9976215696210272,
          -0.06781523411945299,
          -0.5117842137630539
        ],
        [
          0.0,
          0.0,
          0.0,
          1.0
        ]
      ],
      "w": 3840.0,
      "h": 2160.0,
      "fl_x": 5329.2905584839,
      "fl_y": 5329.2905584839,
      "k1": -0.08022136808014228,
      "k2": 0,
      "k3": 0,
      "k4": 0,
      "p1": 0,
      "p2": 0,
      "cx": 1920.0,
      "cy": 1080.0,
      "is_fisheye": false,
      "camera_angle_x": 0.6915946430004299,
      "camera_angle_y": 0.3998916126299659,
      "fovx": 39.62545417778151,
      "fovy": 22.912101666377456
    },
    {
      "file_path": "./images/30.png",
      "sharpness": 82.80547682741647,
      "transform_matrix": [
        [
          0.9030237475456794,
          -0.030249144010961907,
          0.4285243291720512,
          1.6631079619819016
        ],
        [
          0.4279801203995499,
          -0.02294741470545332,
          -0.9034967806811063,
          -3.511413098089307
        ],
        [
          0.03716352972515051,
          0.9992789427793,
          -0.007776028128008424,
          0.042999717763579706
        ],
        [
          0.0,
          0.0,
          0.0,
          1.0
        ]
      ],
      "w": 3840.0,
      "h": 2160.0,
      "fl_x": 5233.654577443914,
      "fl_y": 5233.654577443914,
      "k1": -0.024191036353878766,
      "k2": 0,
      "k3": 0,
      "k4": 0,
      "p1": 0,
      "p2": 0,
      "cx": 1920.0,
      "cy": 1080.0,
      "is_fisheye": false,
      "camera_angle_x": 0.7032241718336552,
      "camera_angle_y": 0.4070005802259823,
      "fovx": 40.29177709765102,
      "fovy": 23.319415506324454
    },
    {
      "file_path": "./images/31.png",
      "sharpness": 98.02220968344636,
      "transform_matrix": [
        [
          0.6552873458804319,
          0.025766793206428416,
          0.7549401080443612,
          2.8108994332337742
        ],
        [
          0.7550321510724387,
          0.00797144012417284,
          -0.6556393116563966,
          -2.582351781804831
        ],
        [
          -0.022911682430067637,
          0.9996361980977865,
          -0.014231173459074374,
          0.038285087203611574
        ],
        [
          0.0,
          0.0,
          0.0,
          1.0
        ]
      ],
      "w": 3840.0,
      "h": 2160.0,
      "fl_x": 5327.977172657353,
      "fl_y": 5327.977172657353,
      "k1": -0.0882919063881831,
      "k2": 0,
      "k3": 0,
      "k4": 0,
      "p1": 0,
      "p2": 0,
      "cx": 1920.0,
      "cy": 1080.0,
      "is_fisheye": false,
      "camera_angle_x": 0.6917518526473545,
      "camera_angle_y": 0.39998758159192965,
      "fovx": 39.634461627049035,
      "fovy": 22.917600282862228
    },
    {
      "file_path": "./images/32.png",
      "sharpness": 106.59180868937713,
      "transform_matrix": [
        [
          0.3766754535661915,
          0.012899072019761315,
          0.926255481311138,
          3.616065683816236
        ],
        [
          0.9263366907706863,
          -0.0009357860701986972,
          -0.3766954467954786,
          -1.3155479756756032
        ],
        [
          -0.003992244720874894,
          0.9999163656439749,
          -0.012301371331231437,
          0.03818830385260316
        ],
        [
          0.0,
          0.0,
          0.0,
          1.0
        ]
      ],
      "w": 3840.0,
      "h": 2160.0,
      "fl_x": 6169.585583226423,
      "fl_y": 6169.585583226423,
      "k1": 0.1344974730886181,
      "k2": 0,
      "k3": 0,
      "k4": 0,
      "p1": 0,
      "p2": 0,
      "cx": 1920.0,
      "cy": 1080.0,
      "is_fisheye": false,
      "camera_angle_x": 0.6034075563942555,
      "camera_angle_y": 0.34659277777195013,
      "fovx": 34.57270630769305,
      "fovy": 19.858303376048394
    },
    {
      "file_path": "./images/33.png",
      "sharpness": 101.41703907250971,
      "transform_matrix": [
        [
          0.06511502749058057,
          -0.003015594345122616,
          0.9978732080895054,
          3.8483615375041427
        ],
        [
          0.9978581772236301,
          0.006462349743990192,
          -0.0650945173092257,
          -0.024958052829255013
        ],
        [
          -0.0062523070125357055,
          0.9999745718085665,
          0.003429931557703529,
          0.05272761859900785
        ],
        [
          0.0,
          0.0,
          0.0,
          1.0
        ]
      ],
      "w": 3840.0,
      "h": 2160.0,
      "fl_x": 5310.715806593192,
      "fl_y": 5310.715806593192,
      "k1": -0.0726974922596697,
      "k2": 0,
      "k3": 0,
      "k4": 0,
      "p1": 0,
      "p2": 0,
      "cx": 1920.0,
      "cy": 1080.0,
      "is_fisheye": false,
      "camera_angle_x": 0.6938243963682366,
      "camera_angle_y": 0.40125310441853956,
      "fovx": 39.753209635111915,
      "fovy": 22.99010939970444
    },
    {
      "file_path": "./images/34.png",
      "sharpness": 89.83091603927716,
      "transform_matrix": [
        [
          -0.25924369092817545,
          0.012146712580485419,
          0.9657355570365104,
          3.699312914335935
        ],
        [
          0.9655500762730398,
          -0.020023775099288307,
          0.2594457527883249,
          0.9893461254928463
        ],
        [
          0.02248908458883245,
          0.9997257153046735,
          -0.006537221895499206,
          0.062053164948872634
        ],
        [
          0.0,
          0.0,
          0.0,
          1.0
        ]
      ],
      "w": 3840.0,
      "h": 2160.0,
      "fl_x": 5628.909924120699,
      "fl_y": 5628.909924120699,
      "k1": 0.0386824575050232,
      "k2": 0,
      "k3": 0,
      "k4": 0,
      "p1": 0,
      "p2": 0,
      "cx": 1920.0,
      "cy": 1080.0,
      "is_fisheye": false,
      "camera_angle_x": 0.6574416454491571,
      "camera_angle_y": 0.37912584883319833,
      "fovx": 37.668631560372944,
      "fovy": 21.722311042457108
    },
    {
      "file_path": "./images/35.png",
      "sharpness": 80.65876072914095,
      "transform_matrix": [
        [
          -0.6324502720077515,
          -0.012389401015054737,
          0.7745018761868847,
          2.964722866035768
        ],
        [
          0.7744056264458463,
          0.01234038493775275,
          0.6325690797285345,
          2.4184428959427686
        ],
        [
          -0.017394803285638825,
          0.9998470971499924,
          0.0017897420437902177,
          0.08597712345930449
        ],
        [
          0.0,
          0.0,
          0.0,
          1.0
        ]
      ],
      "w": 3840.0,
      "h": 2160.0,
      "fl_x": 5301.774225938109,
      "fl_y": 5301.774225938109,
      "k1": -0.06830392459747858,
      "k2": 0,
      "k3": 0,
      "k4": 0,
      "p1": 0,
      "p2": 0,
      "cx": 1920.0,
      "cy": 1080.0,
      "is_fisheye": false,
      "camera_angle_x": 0.6949026892506271,
      "camera_angle_y": 0.4019117705278348,
      "fovx": 39.81499126635189,
      "fovy": 23.02784818787536
    },
    {
      "file_path": "./images/36.png",
      "sharpness": 68.19040485008718,
      "transform_matrix": [
        [
          -0.8835985566289805,
          0.03034481680573191,
          0.4672609365797699,
          1.852816563627286
        ],
        [
          0.4670053125664269,
          -0.015462204462171218,
          0.884119312235574,
          3.418683446368889
        ],
        [
          0.03405332270278028,
          0.999419887916677,
          -0.0005088091120551378,
          0.09897513498362466
        ],
        [
          0.0,
          0.0,
          0.0,
          1.0
        ]
      ],
      "w": 3840.0,
      "h": 2160.0,
      "fl_x": 5315.357020779586,
      "fl_y": 5315.357020779586,
      "k1": -0.07124477273144728,
      "k2": 0,
      "k3": 0,
      "k4": 0,
      "p1": 0,
      "p2": 0,
      "cx": 1920.0,
      "cy": 1080.0,
      "is_fisheye": false,
      "camera_angle_x": 0.6932659629884792,
      "camera_angle_y": 0.40091205636204763,
      "fovx": 39.7212137593126,
      "fovy": 22.97056878545631
    },
    {
      "file_path": "./images/37.png",
      "sharpness": 131.36691019357434,
      "transform_matrix": [
        [
          -0.8654442636350039,
          -0.11774894781979735,
          0.48697167460314533,
          1.8081709718426597
        ],
        [
          0.5009861399956679,
          -0.1949116749237108,
          0.8432213982760847,
          3.427115243940019
        ],
        [
          -0.004371967688843949,
          0.9737271816589803,
          0.22767578183500775,
          0.6296942600995002
        ],
        [
          0.0,
          0.0,
          0.0,
          1.0
        ]
      ],
      "w": 3840.0,
      "h": 2160.0,
      "fl_x": 5312.562578612793,
      "fl_y": 5312.562578612793,
      "k1": -0.07237828084105798,
      "k2": 0,
      "k3": 0,
      "k4": 0,
      "p1": 0,
      "p2": 0,
      "cx": 1920.0,
      "cy": 1080.0,
      "is_fisheye": false,
      "camera_angle_x": 0.6936020883895376,
      "camera_angle_y": 0.40111733043052883,
      "fovx": 39.74047232618038,
      "fovy": 22.982330123223765
    },
    {
      "file_path": "./images/38.png",
      "sharpness": 125.3709458184104,
      "transform_matrix": [
        [
          -0.7186026802701442,
          -0.14843357740958485,
          0.679395069928501,
          2.631006955510897
        ],
        [
          0.6948942216804633,
          -0.19127951292971743,
          0.6932057188226837,
          2.676624769986151
        ],
        [
          0.02705935333714128,
          0.9702471958560822,
          0.24059960591734283,
          0.6111343290040843
        ],
        [
          0.0,
          0.0,
          0.0,
          1.0
        ]
      ],
      "w": 3840.0,
      "h": 2160.0,
      "fl_x": 7693.317613707996,
      "fl_y": 7693.317613707996,
      "k1": 0.3606188969223367,
      "k2": 0,
      "k3": 0,
      "k4": 0,
      "p1": 0,
      "p2": 0,
      "cx": 1920.0,
      "cy": 1080.0,
      "is_fisheye": false,
      "camera_angle_x": 0.4891426256877645,
      "camera_angle_y": 0.27894031239942707,
      "fovx": 28.025808031856315,
      "fovy": 15.982102636547877
    },
    {
      "file_path": "./images/39.png",
      "sharpness": 122.89392867472279,
      "transform_matrix": [
        [
          -0.6459491505739826,
          -0.17832282249857676,
          0.7422605107952911,
          2.9123457791536778
        ],
        [
          0.763378842785335,
          -0.15287950096974953,
          0.6275990762986858,
          2.4421816501813844
        ],
        [
          0.001561177796854194,
          0.9720230600123134,
          0.23488025367276222,
          0.6106958611655441
        ],
        [
          0.0,
          0.0,
          0.0,
          1.0
        ]
      ],
      "w": 3840.0,
      "h": 2160.0,
      "fl_x": 5302.704817892715,
      "fl_y": 5302.704817892715,
      "k1": -0.06712039052314667,
      "k2": 0,
      "k3": 0,
      "k4": 0,
      "p1": 0,
      "p2": 0,
      "cx": 1920.0,
      "cy": 1080.0,
      "is_fisheye": false,
      "camera_angle_x": 0.6947903163905507,
      "camera_angle_y": 0.40184312063869454,
      "fovx": 39.808552775737695,
      "fovy": 23.02391483896358
    },
    {
      "file_path": "./images/4.png",
      "sharpness": 101.18082055362655,
      "transform_matrix": [
        [
          0.6898510423504942,
          0.07629790561159207,
          0.7199195573148546,
          2.7607568913457037
        ],
        [
          0.7235388731991674,
          -0.039099191199427626,
          -0.6891754146929723,
          -2.61373637094872
        ],
        [
          -0.024434368320413364,
          0.9963181634819143,
          -0.08217711845765416,
          -0.5295828878197778
        ],
        [
          0.0,
          0.0,
          0.0,
          1.0
        ]
      ],
      "w": 3840.0,
      "h": 2160.0,
      "fl_x": 3605.8296476433966,
      "fl_y": 3605.8296476433966,
      "k1": -0.16037454689659264,
      "k2": 0,
      "k3": 0,
      "k4": 0,
      "p1": 0,
      "p2": 0,
      "cx": 1920.0,
      "cy": 1080.0,
      "is_fisheye": false,
      "camera_angle_x": 0.9785715599191527,
      "camera_angle_y": 0.5820235278923442,
      "fovx": 56.0680203349008,
      "fovy": 33.34749172554608
    },
    {
      "file_path": "./images/40.png",
      "sharpness": 137.67756558590605,
      "transform_matrix": [
        [
          -0.37612903229747174,
          -0.2129538916873018,
          0.9017636004604506,
          3.484865900299988
        ],
        [
          0.9261303464978898,
          -0.05652016717818596,
          0.37294510587732443,
          1.5132635019802148
        ],
        [
          -0.0284522822290815,
          0.975426117527338,
          0.21848193728245732,
          0.6015728616547994
        ],
        [
          0.0,
          0.0,
          0.0,
          1.0
        ]
      ],
      "w": 3840.0,
      "h": 2160.0,
      "fl_x": 8548.724495081195,
      "fl_y": 8548.724495081195,
      "k1": 0.3954887318355673,
      "k2": 0,
      "k3": 0,
      "k4": 0,
      "p1": 0,
      "p2": 0,
      "cx": 1920.0,
      "cy": 1080.0,
      "is_fisheye": false,
      "camera_angle_x": 0.4418576749288147,
      "camera_angle_y": 0.2513377628226288,
      "fovx": 25.31657991888457,
      "fovy": 14.400593041996721
    },
    {
      "file_path": "./images/41.png",
      "sharpness": 132.86553842848917,
      "transform_matrix": [
        [
          -0.349544057815801,
          -0.220790088592677,
          0.9105331891052061,
          3.61795713407157
        ],
        [
          0.9367145547491385,
          -0.1027010622336738,
          0.3346914022457087,
          1.2789415444796517
        ],
        [
          0.019616181367081913,
          0.9698990816740216,
          0.24271583556426374,
          0.5979166818188961
        ],
        [
          0.0,
          0.0,
          0.0,
          1.0
        ]
      ],
      "w": 3840.0,
      "h": 2160.0,
      "fl_x": 5311.942600080239,
      "fl_y": 5311.942600080239,
      "k1": -0.07525440407425409,
      "k2": 0,
      "k3": 0,
      "k4": 0,
      "p1": 0,
      "p2": 0,
      "cx": 1920.0,
      "cy": 1080.0,
      "is_fisheye": false,
      "camera_angle_x": 0.6936767040000013,
      "camera_angle_y": 0.40116290091136175,
      "fovx": 39.74474748574575,
      "fovy": 22.984941119445875
    },
    {
      "file_path": "./images/42.png",
      "sharpness": 128.5831034143685,
      "transform_matrix": [
        [
          -0.07272034832515128,
          -0.22041378723537805,
          0.9726918902577635,
          3.8176103944013775
        ],
        [
          0.9969133422253401,
          -0.044998531396914246,
          0.06433444073918276,
