{
  "frames": [
    {
      "file_path": "./images/0.png",
      "sharpness": 49.580831404293065,
      "transform_matrix": [
        [
          0.9806086797165375,
          -0.059320237192900555,
          0.18678256545574567,
          0.6486439770012871
        ],
        [
          0.18261268304987288,
          -0.06933557249026241,
          -0.9807370628138883,
          -3.762899012477893
        ],
        [
          0.07112823129706246,
          0.9958281417398144,
          -0.05715843652411608,
          -0.47198409727580276
        ],
        [
          0.0,
          0.0,
          0.0,
          1.0
        ]
      ],
      "w": 3840.0,
      "h": 2160.0,
      "fl_x": 4194.305573179953,
      "fl_y": 4194.305573179953,
      "k1": -0.1022369802412723,
      "k2": 0,
      "k3": 0,
      "k4": 0,
      "p1": 0,
      "p2": 0,
      "cx": 1920.0,
      "cy": 1080.0,
      "is_fisheye": false,
      "camera_angle_x": 0.8585825360140144,
      "camera_angle_y": 0.5040348069455044,
      "fovx": 49.19315567724203,
      "fovy": 28.879067165668634
    },
    {
      "file_path": "./images/1.png",
      "sharpness": 66.87988413743102,
      "transform_matrix": [
        [
          0.9879377795464303,
          -0.028946955088386406,
          -0.15212171958744872,
          -0.6092588589722735
        ],
        [
          -0.1538325379364143,
          -0.07096005419691313,
          -0.9855456463200731,
          -3.7936301510765333
        ],
        [
          0.01773398009512882,
          0.9970590476664939,
          -0.07455710194657059,
          -0.48449634706666206
        ],
        [
          0.0,
          0.0,
          0.0,
          1.0
        ]
      ],
      "w": 3840.0,
      "h": 2160.0,
      "fl_x": 5314.514091421233,
      "fl_y": 5314.514091421233,
      "k1": -0.07027444627290323,
      "k2": 0,
      "k3": 0,
      "k4": 0,
      "p1": 0,
      "p2": 0,
      "cx": 1920.0,
      "cy": 1080.0,
      "is_fisheye": false,
      "camera_angle_x": 0.6933673205847297,
      "camera_angle_y": 0.4009739544120382,
      "fovx": 39.72702112179934,
      "fovy": 22.974115282480863
    },
    {
      "file_path": "./images/10.png",
      "sharpness": 68.89597439236111,
      "transform_matrix": [
        [
          -0.9984569076380643,
          0.020254729520771866,
          0.051706378292597166,
          0.28610434086050274
        ],
        [
          0.052792216155272804,
          0.05735522148758093,
          0.9969570504698606,
          4.103056172987184
        ],
        [
          0.017227464621801025,
          0.9981483479595316,
          -0.05833600914241346,
          -0.4771821674619086
        ],
        [
          0.0,
          0.0,
          0.0,
          1.0
        ]
      ],
      "w": 3840.0,
      "h": 2160.0,
      "fl_x": 3953.729328625191,
      "fl_y": 3953.729328625191,
      "k1": -0.14487537772747222,
      "k2": 0,
      "k3": 0,
      "k4": 0,
      "p1": 0,
      "p2": 0,
      "cx": 1920.0,
      "cy": 1080.0,
      "is_fisheye": false,
      "camera_angle_x": 0.9041510347650713,
      "camera_angle_y": 0.5333092171310821,
      "fovx": 51.80403833442475,
      "fovy": 30.55636731703703
    },
    {
      "file_path": "./images/11.png",
      "sharpness": 101.5808732365243,
      "transform_matrix": [
        [
          -0.9214665993660935,
          0.015979043322921715,
          0.38812881426329854,
          1.5080833336011756
        ],
        [
          0.38844218091460897,
          0.04680464177240747,
          0.9202836506180564,
          3.8314851679586455
        ],
        [
          -0.0034609777905403962,
          0.9987762490754717,
          -0.049335848525853244,
          -0.45599708988317766
        ],
        [
          0.0,
          0.0,
          0.0,
          1.0
        ]
      ],
      "w": 3840.0,
      "h": 2160.0,
      "fl_x": 5327.354458060032,
      "fl_y": 5327.354458060032,
      "k1": -0.07394295848701428,
      "k2": 0,
      "k3": 0,
      "k4": 0,
      "p1": 0,
      "p2": 0,
      "cx": 1920.0,
      "cy": 1080.0,
      "is_fisheye": false,
      "camera_angle_x": 0.691826414309882,
      "camera_angle_y": 0.40003309916481056,
      "fovx": 39.63873369562534,
      "fovy": 22.920208247681984
    },
    {
      "file_path": "./images/12.png",
      "sharpness": 67.14898196373457,
      "transform_matrix": [
        [
          -0.7681871203861909,
          0.024806692688134423,
          0.6397446178788152,
          2.5488957986268654
        ],
        [
          0.6401989872672593,
          0.03883822688996225,
          0.7672267258340637,
          3.1416003280729923
        ],
        [
          -0.005814189010920384,
          0.9989375456774925,
          -0.045716245211899424,
          -0.45708364928755985
        ],
        [
          0.0,
          0.0,
          0.0,
          1.0
        ]
      ],
      "w": 3840.0,
      "h": 2160.0,
      "fl_x": 3091.9396975679106,
      "fl_y": 3091.9396975679106,
      "k1": -0.1885124219218759,
      "k2": 0,
      "k3": 0,
      "k4": 0,
      "p1": 0,
      "p2": 0,
      "cx": 1920.0,
      "cy": 1080.0,
      "is_fisheye": false,
      "camera_angle_x": 1.1113913375590039,
      "camera_angle_y": 0.6720937703421295,
      "fovx": 63.67803302953033,
      "fovy": 38.508136477638836
    },
    {
      "file_path": "./images/13.png",
      "sharpness": 107.52988172527603,
      "transform_matrix": [
        [
          -0.5533742284470116,
          0.04003126626186368,
          0.8319702284615773,
          3.3705921173671194
        ],
        [
          0.8329183727425877,
          0.020726655731848405,
          0.5530075859245073,
          2.347260679584332
        ],
        [
          0.004893633412504052,
          0.9989834350468149,
          -0.04481237427755518,
          -0.4339298266762343
        ],
        [
          0.0,
          0.0,
          0.0,
          1.0
        ]
      ],
      "w": 3840.0,
      "h": 2160.0,
      "fl_x": 5341.068813855593,
      "fl_y": 5341.068813855593,
      "k1": -0.07278695939018459,
      "k2": 0,
      "k3": 0,
      "k4": 0,
      "p1": 0,
      "p2": 0,
      "cx": 1920.0,
      "cy": 1080.0,
      "is_fisheye": false,
      "camera_angle_x": 0.6901878691563473,
      "camera_angle_y": 0.399033003308056,
      "fovx": 39.54485197378619,
      "fovy": 22.862906975981424
    },
    {
      "file_path": "./images/14.png",
      "sharpness": 101.26028452932098,
      "transform_matrix": [
        [
          -0.2362161259516823,
          0.05276057850455384,
          0.97026710921813,
          3.821664151835896
        ],
        [
          0.9716377599957496,
          0.001474520539101757,
          0.23646963682396957,
          1.0277112617329935
        ],
        [
          0.011045596056637384,
          0.9986061021140148,
          -0.0516124758436275,
          -0.44296208530400827
        ],
        [
          0.0,
          0.0,
          0.0,
          1.0
        ]
      ],
      "w": 3840.0,
      "h": 2160.0,
      "fl_x": 3886.4651967214913,
      "fl_y": 3886.4651967214913,
      "k1": -0.13228516783478864,
      "k2": 0,
      "k3": 0,
      "k4": 0,
      "p1": 0,
      "p2": 0,
      "cx": 1920.0,
      "cy": 1080.0,
      "is_fisheye": false,
      "camera_angle_x": 0.9177078509370068,
      "camera_angle_y": 0.5420973733326607,
      "fovx": 52.58078668471136,
      "fovy": 31.0598915770892
    },
    {
      "file_path": "./images/15.png",
      "sharpness": 115.39940405183309,
      "transform_matrix": [
        [
          0.04303908703534165,
          0.04441807353388963,
          0.9980855032335483,
          3.9887386967130465
        ],
        [
          0.9959849540568612,
          -0.08039859743519,
          -0.039370507017878,
          -0.0684827500093487
        ],
        [
          0.07849591250458643,
          0.9957726147610527,
          -0.04770001516047791,
          -0.4349861328113337
        ],
        [
          0.0,
          0.0,
          0.0,
          1.0
        ]
      ],
      "w": 3840.0,
      "h": 2160.0,
      "fl_x": 5336.971175447876,
      "fl_y": 5336.971175447876,
      "k1": -0.06893454433393037,
      "k2": 0,
      "k3": 0,
      "k4": 0,
      "p1": 0,
      "p2": 0,
      "cx": 1920.0,
      "cy": 1080.0,
      "is_fisheye": false,
      "camera_angle_x": 0.6906766601837687,
      "camera_angle_y": 0.39933129931112266,
      "fovx": 39.5728576367213,
      "fovy": 22.879998078002764
    },
    {
      "file_path": "./images/16.png",
      "sharpness": 84.30984254436729,
      "transform_matrix": [
        [
          0.4196642400995298,
          0.035638527784831564,
          0.9069795041528099,
          3.676807061452365
        ],
        [
          0.9076593181434206,
          -0.02312681929820155,
          -0.41907005669292036,
          -1.6324790519809593
        ],
        [
          0.006040511240472874,
          0.9990971151998984,
          -0.04205314087551446,
          -0.4444915577929014
        ],
        [
          0.0,
          0.0,
          0.0,
          1.0
        ]
      ],
      "w": 3840.0,
      "h": 2160.0,
      "fl_x": 3840.805385231798,
      "fl_y": 3840.805385231798,
      "k1": -0.14179622581816073,
      "k2": 0,
      "k3": 0,
      "k4": 0,
      "p1": 0,
      "p2": 0,
      "cx": 1920.0,
      "cy": 1080.0,
      "is_fisheye": false,
      "camera_angle_x": 0.9271274575603357,
      "camera_angle_y": 0.548225595172497,
      "fovx": 53.12049038890158,
      "fovy": 31.41101282443172
    },
    {
      "file_path": "./images/17.png",
      "sharpness": 101.52101007857571,
      "transform_matrix": [
        [
          0.37175291675712724,
          -0.01037173700348545,
          0.9282737721105568,
          3.7388175334453657
        ],
        [
          0.9281210359675414,
          -0.017149533605911527,
          -0.3718833635586242,
          -1.4030230264344332
        ],
        [
          0.019776538693097853,
          0.9997991401291171,
          0.0032508381534358125,
          0.11750652923526307
        ],
        [
          0.0,
          0.0,
          0.0,
          1.0
        ]
      ],
      "w": 3840.0,
      "h": 2160.0,
      "fl_x": 5344.752659129428,
      "fl_y": 5344.752659129428,
      "k1": -0.07134577608182212,
      "k2": 0,
      "k3": 0,
      "k4": 0,
      "p1": 0,
      "p2": 0,
      "cx": 1920.0,
      "cy": 1080.0,
      "is_fisheye": false,
      "camera_angle_x": 0.6897490044723079,
      "camera_angle_y": 0.3987652053349572,
      "fovx": 39.51970687961339,
      "fovy": 22.847563282360703
    },
    {
      "file_path": "./images/18.png",
      "sharpness": 108.92902391974481,
      "transform_matrix": [
        [
          0.07134235564493091,
          0.00010347248281217903,
          0.9974518823576104,
          3.9337355176503235
        ],
        [
          0.9974510255277808,
          -0.0013222254923572075,
          -0.07134215719589902,
          -0.18100248635042596
        ],
        [
          0.0013114743561186781,
          0.9999991205233604,
          -0.00019753941541347453,
          0.11823065684748554
        ],
        [
          0.0,
          0.0,
          0.0,
          1.0
        ]
      ],
      "w": 3840.0,
      "h": 2160.0,
      "fl_x": 4426.026534240982,
      "fl_y": 4426.026534240982,
      "k1": -0.0898200559877327,
      "k2": 0,
      "k3": 0,
      "k4": 0,
      "p1": 0,
      "p2": 0,
      "cx": 1920.0,
      "cy": 1080.0,
      "is_fisheye": false,
      "camera_angle_x": 0.8185973840409383,
      "camera_angle_y": 0.47866848370975135,
      "fovx": 46.90217522599557,
      "fovy": 27.425683902495354
    },
    {
      "file_path": "./images/19.png",
      "sharpness": 121.55797730851309,
      "transform_matrix": [
        [
          -0.1700326278720895,
          -0.005440087952316168,
          0.98542341708336,
          3.907654520828432
        ],
        [
          0.9854313222601565,
          -0.0047375180489155466,
          0.17000783814687465,
          0.7600258909303996
        ],
        [
          0.0037436036321543487,
          0.9999739803615432,
          0.006166365707510992,
          0.12307900340825109
        ],
        [
          0.0,
          0.0,
          0.0,
          1.0
        ]
      ],
      "w": 3840.0,
      "h": 2160.0,
      "fl_x": 5327.335844766938,
      "fl_y": 5327.335844766938,
      "k1": -0.06663890745743953,
      "k2": 0,
      "k3": 0,
      "k4": 0,
      "p1": 0,
      "p2": 0,
      "cx": 1920.0,
      "cy": 1080.0,
      "is_fisheye": false,
      "camera_angle_x": 0.6918286432377923,
      "camera_angle_y": 0.40003445986824665,
      "fovx": 39.63886140378744,
      "fovy": 22.92028621024604
    },
    {
      "file_path": "./images/2.png",
      "sharpness": 95.33804108796296,
      "transform_matrix": [
        [
          0.8658272044134956,
          -0.06618098502190871,
          -0.49594690174786155,
          -1.8695763394993765
        ],
        [
          -0.4979510035419446,
          -0.01716628553157889,
          -0.867035245369331,
          -3.3502891668927606
        ],
        [
          0.0488676804633489,
          0.9976599600549636,
          -0.04781792491902459,
          -0.5034269741618834
        ],
        [
          0.0,
          0.0,
          0.0,
          1.0
        ]
      ],
      "w": 3840.0,
      "h": 2160.0,
      "fl_x": 3627.2572157997774,
      "fl_y": 3627.2572157997774,
      "k1": -0.15221628353896172,
      "k2": 0,
      "k3": 0,
      "k4": 0,
      "p1": 0,
      "p2": 0,
      "cx": 1920.0,
      "cy": 1080.0,
      "is_fisheye": false,
      "camera_angle_x": 0.973663811605268,
      "camera_angle_y": 0.5787745756647976,
      "fovx": 55.786827069602765,
      "fovy": 33.16134047506802
    },
    {
      "file_path": "./images/20.png",
      "sharpness": 79.36980854552469,
      "transform_matrix": [
        [
          -0.40361266123650164,
          -0.0066867450081907155,
          0.9149055181629672,
          3.6064493310678323
        ],
        [
          0.9146657506800545,
          -0.026978556156822212,
          0.40330970982685743,
          1.7091207026571822
        ],
        [
          0.021986000711006558,
          0.9996136478575937,
          0.01700502348929627,
          0.11679170762888692
        ],
        [
          0.0,
          0.0,
          0.0,
          1.0
        ]
      ],
      "w": 3840.0,
      "h": 2160.0,
      "fl_x": 3090.812388088334,
      "fl_y": 3090.812388088334,
      "k1": -0.18159251690678133,
      "k2": 0,
      "k3": 0,
      "k4": 0,
      "p1": 0,
      "p2": 0,
      "cx": 1920.0,
      "cy": 1080.0,
      "is_fisheye": false,
      "camera_angle_x": 1.1117182171601896,
      "camera_angle_y": 0.6723208511228652,
      "fovx": 63.69676185108719,
      "fovy": 38.521147247983535
    },
    {
      "file_path": "./images/21.png",
      "sharpness": 106.89641155476284,
      "transform_matrix": [
        [
          -0.6078082943622952,
          0.007164183506638866,
          0.7940514793219288,
          3.1248363648072544
        ],
        [
          0.7939401075550098,
          -0.01353943772565052,
          0.6078452017098195,
          2.5814577558142595
        ],
        [
          0.015105725123919014,
          0.9998826721846175,
          0.0025414499268474372,
          0.11442325109307062
        ],
        [
          0.0,
          0.0,
          0.0,
          1.0
        ]
      ],
      "w": 3840.0,
      "h": 2160.0,
      "fl_x": 5339.846653776856,
      "fl_y": 5339.846653776856,
      "k1": -0.06939061353397949,
      "k2": 0,
      "k3": 0,
      "k4": 0,
      "p1": 0,
      "p2": 0,
      "cx": 1920.0,
      "cy": 1080.0,
      "is_fisheye": false,
      "camera_angle_x": 0.69033358626602,
      "camera_angle_y": 0.39912192693419707,
      "fovx": 39.55320094917328,
      "fovy": 22.86800192445831
    },
    {
      "file_path": "./images/22.png",
      "sharpness": 74.86399811921297,
      "transform_matrix": [
        [
          -0.8265329860714198,
          -0.0069366810088737395,
          0.5628455431347983,
          2.26820331255265
        ],
        [
          0.5628869686645553,
          -0.012349281466661335,
          0.8264416227144684,
          3.4047078116970773
        ],
        [
          0.0012179761252012955,
          0.999899683837401,
          0.01411165583215396,
          0.10734980130442562
        ],
        [
          0.0,
          0.0,
          0.0,
          1.0
        ]
      ],
      "w": 3840.0,
      "h": 2160.0,
      "fl_x": 3164.6145062716705,
      "fl_y": 3164.6145062716705,
      "k1": -0.18541529182637753,
      "k2": 0,
      "k3": 0,
      "k4": 0,
      "p1": 0,
      "p2": 0,
      "cx": 1920.0,
      "cy": 1080.0,
      "is_fisheye": false,
      "camera_angle_x": 1.0906759340924717,
      "camera_angle_y": 0.6577597303402911,
      "fovx": 62.491127839987364,
      "fovy": 37.68685648216181
    },
    {
      "file_path": "./images/23.png",
      "sharpness": 88.32045777837502,
      "transform_matrix": [
        [
          -0.9333838057227649,
          0.03711599869887159,
          0.35695528275868976,
          1.4393785531737517
        ],
        [
          0.35678075903705836,
          -0.011449622020965586,
          0.9341179776326735,
          3.8455852067083427
        ],
        [
          0.03875772470838079,
          0.9992453696817704,
          -0.002555382412185863,
          0.0940710235840791
        ],
        [
          0.0,
          0.0,
          0.0,
          1.0
        ]
      ],
      "w": 3840.0,
      "h": 2160.0,
      "fl_x": 5336.949967745643,
      "fl_y": 5336.949967745643,
      "k1": -0.0716060506382506,
      "k2": 0,
      "k3": 0,
      "k4": 0,
      "p1": 0,
      "p2": 0,
      "cx": 1920.0,
      "cy": 1080.0,
      "is_fisheye": false,
      "camera_angle_x": 0.6906791916951289,
      "camera_angle_y": 0.39933284431398747,
      "fovx": 39.57300268163803,
      "fovy": 22.880086600146257
    },
    {
      "file_path": "./images/24.png",
      "sharpness": 60.59324628665124,
      "transform_matrix": [
        [
          -0.997458344146585,
          0.015899253501524088,
          0.06945549268927494,
          0.34898163747903743
        ],
        [
          0.06939586888212589,
          -0.004272249674390521,
          0.9975800525596192,
          4.065303026319787
        ],
        [
          0.01615750934973557,
          0.9998644716435895,
          0.003158048574682931,
          0.09042468711528909
        ],
        [
          0.0,
          0.0,
          0.0,
          1.0
        ]
      ],
      "w": 3840.0,
      "h": 2160.0,
      "fl_x": 3120.7222344129877,
      "fl_y": 3120.7222344129877,
      "k1": -0.1847721486233932,
      "k2": 0,
      "k3": 0,
      "k4": 0,
      "p1": 0,
      "p2": 0,
      "cx": 1920.0,
      "cy": 1080.0,
      "is_fisheye": false,
      "camera_angle_x": 1.1031033518477682,
      "camera_angle_y": 0.6663455206225997,
      "fovx": 63.2031664276118,
      "fovy": 38.17878602912252
    },
    {
      "file_path": "./images/25.png",
      "sharpness": 48.73171682098766,
      "transform_matrix": [
        [
          -0.9901922762220948,
          -0.02885541427403648,
          -0.13669901686348385,
          -0.48762947733036244
        ],
        [
          -0.1364203800058331,
          -0.011422933064513438,
          0.9905851788308291,
          3.9960322647388438
        ],
        [
          -0.030145249428500356,
          0.9995183248453101,
          0.007374433511793437,
          0.08109546410868494
        ],
        [
          0.0,
          0.0,
          0.0,
          1.0
        ]
      ],
      "w": 3840.0,
      "h": 2160.0,
      "fl_x": 3102.8131117164203,
      "fl_y": 3102.8131117164203,
      "k1": -0.18377903182023458,
      "k2": 0,
      "k3": 0,
      "k4": 0,
      "p1": 0,
      "p2": 0,
      "cx": 1920.0,
      "cy": 1080.0,
      "is_fisheye": false,
      "camera_angle_x": 1.1082472466830517,
      "camera_angle_y": 0.6699110265803666,
      "fovx": 63.49788989193269,
      "fovy": 38.383074472331316
    },
    {
      "file_path": "./images/26.png",
      "sharpness": 48.2662483121142,
      "transform_matrix": [
        [
          -0.9213087080052392,
          0.004092140183220865,
          -0.38881038949171687,
          -1.5938887147688052
        ],
        [
          -0.38880403659914,
          0.0022803675254708905,
          0.9213176548011015,
          3.660411029089385
        ],
        [
          0.0046567915824850545,
          0.9999890271132834,
          -0.0005098818371028479,
          0.06925296330749045
        ],
        [
          0.0,
          0.0,
          0.0,
          1.0
        ]
      ],
      "w": 3840.0,
      "h": 2160.0,
      "fl_x": 3108.053701769651,
      "fl_y": 3108.053701769651,
      "k1": -0.18979928534247772,
      "k2": 0,
      "k3": 0,
      "k4": 0,
      "p1": 0,
      "p2": 0,
      "cx": 1920.0,
      "cy": 1080.0,
      "is_fisheye": false,
      "camera_angle_x": 1.1067375920501983,
      "camera_angle_y": 0.6688638888811802,
      "fovx": 63.411393052947815,
      "fovy": 38.32307790159889
    },
    {
      "file_path": "./images/27.png",
      "sharpness": 64.34671670037716,
      "transform_matrix": [
        [
          -0.8154142016579217,
          -0.02287809883287252,
          -0.5784256843905105,
          -2.3680698362930808
        ],
        [
          -0.5784297587042624,
          -0.0071109600874873,
          0.8157012004968495,
          3.2385242501633122
        ],
        [
          -0.02277485463833811,
          0.9997129722448974,
          -0.00743499534475091,
          0.06903884423736471
        ],
        [
          0.0,
          0.0,
          0.0,
          1.0
        ]
      ],
      "w": 3840.0,
      "h": 2160.0,
      "fl_x": 5339.572641022184,
      "fl_y": 5339.572641022184,
      "k1": -0.07210525670392255,
      "k2": 0,
      "k3": 0,
      "k4": 0,
      "p1": 0,
      "p2": 0,
      "cx": 1920.0,
      "cy": 1080.0,
      "is_fisheye": false,
      "camera_angle_x": 0.6903662646807257,
      "camera_angle_y": 0.39914186930295154,
      "fovx": 39.55507328441709,
      "fovy": 22.86914453802143
    },
    {
      "file_path": "./images/28.png",
      "sharpness": 59.4323152970679,
      "transform_matrix": [
        [
          -0.6049142475938493,
          -0.02931013213399697,
          -0.7957510095793267,
          -3.1469970503602527
        ],
        [
          -0.7952371200299813,
          -0.029151199518444214,
          0.6055973336244929,
          2.3885318073704083
        ],
        [
          -0.04094723431578048,
          0.9991451965331153,
          -0.005674529142780049,
          0.058128313223708365
        ],
        [
          0.0,
          0.0,
          0.0,
          1.0
        ]
      ],
      "w": 3840.0,
      "h": 2160.0,
      "fl_x": 3092.0824122791673,
      "fl_y": 3092.0824122791673,
      "k1": -0.18510986198711438,
      "k2": 0,
      "k3": 0,
      "k4": 0,
      "p1": 0,
      "p2": 0,
      "cx": 1920.0,
      "cy": 1080.0,
      "is_fisheye": false,
      "camera_angle_x": 1.1113499676420822,
      "camera_angle_y": 0.6720650329765914,
      "fovx": 63.67566270789192,
      "fovy": 38.50648994787918
    },
    {
      "file_path": "./images/29.png",
      "sharpness": 88.94075388210256,
      "transform_matrix": [
        [
          -0.3776633472902432,
          -0.011752509490746039,
          -0.9258683894962946,
          -3.6194312241552926
        ],
        [
          -0.9257631100479423,
          -0.014915429125872213,
          0.3778097326014655,
          1.450007243207986
        ],
        [
          -0.01824993681151238,
          0.9998196880082704,
          -0.005247028847073781,
          0.04610737103866634
        ],
        [
          0.0,
          0.0,
          0.0,
          1.0
        ]
      ],
      "w": 3840.0,
      "h": 2160.0,
      "fl_x": 5320.51249999709,
      "fl_y": 5320.51249999709,
      "k1": -0.05730066329863006,
      "k2": 0,
      "k3": 0,
      "k4": 0,
      "p1": 0,
      "p2": 0,
      "cx": 1920.0,
      "cy": 1080.0,
      "is_fisheye": false,
      "camera_angle_x": 0.6926466634330999,
      "camera_angle_y": 0.4005338887478714,
      "fovx": 39.68573050853503,
      "fovy": 22.948901377215485
    },
    {
      "file_path": "./images/3.png",
      "sharpness": 124.7487791668219,
      "transform_matrix": [
        [
          0.6187067120086892,
          -0.061766832113078256,
          -0.7831901831613913,
          -2.9570624088794837
        ],
        [
          -0.7855170021867395,
          -0.03233523486744834,
          -0.6179947183121085,
          -2.469655470597492
        ],
        [
          0.01284693749434955,
          0.9975666850246414,
          -0.06852492364290441,
          -0.5146734415028408
        ],
        [
          0.0,
          0.0,
          0.0,
          1.0
        ]
      ],
      "w": 3840.0,
      "h": 2160.0,
      "fl_x": 5334.558472591836,
      "fl_y": 5334.558472591836,
      "k1": -0.07566485933010389,
      "k2": 0,
      "k3": 0,
      "k4": 0,
      "p1": 0,
      "p2": 0,
      "cx": 1920.0,
      "cy": 1080.0,
      "is_fisheye": false,
      "camera_angle_x": 0.6909647729089731,
      "camera_angle_y": 0.3995071428849259,
      "fovx": 39.58936527989952,
      "fovy": 22.890073172636193
    },
    {
      "file_path": "./images/30.png",
      "sharpness": 95.10160590275215,
      "transform_matrix": [
        [
          -0.0747147223410414,
          0.00342290804126339,
          -0.9971990744080667,
          -3.864952943073479
        ],
        [
          -0.9965008724243476,
          0.03731478677061227,
          0.0747904936861372,
          0.28881257252906917
        ],
        [
          0.037466271811637274,
          0.9992976985978995,
          0.0006229669165657973,
          0.04181091520745413
        ],
        [
          0.0,
          0.0,
          0.0,
          1.0
        ]
      ],
      "w": 3840.0,
      "h": 2160.0,
      "fl_x": 3105.948977973031,
      "fl_y": 3105.948977973031,
      "k1": -0.19352682639136642,
      "k2": 0,
      "k3": 0,
      "k4": 0,
      "p1": 0,
      "p2": 0,
      "cx": 1920.0,
      "cy": 1080.0,
      "is_fisheye": false,
      "camera_angle_x": 1.1073434560864681,
      "camera_angle_y": 0.6692840611313478,
      "fovx": 63.44610650518484,
      "fovy": 38.347151998202015
    },
    {
      "file_path": "./images/31.png",
      "sharpness": 125.60917678685897,
      "transform_matrix": [
        [
          0.33225013812930676,
          -0.006775105679159653,
          -0.9431669755087672,
          -3.633543833073866
        ],
        [
          -0.9429235002434069,
          -0.026213823155243864,
          -0.33197606564983756,
          -1.1703271509667703
        ],
        [
          -0.022474839374123767,
          0.9996333995284972,
          -0.015097952725739085,
          0.03504192582493608
        ],
        [
          0.0,
          0.0,
          0.0,
          1.0
        ]
      ],
      "w": 3840.0,
      "h": 2160.0,
      "fl_x": 5337.173194249792,
      "fl_y": 5337.173194249792,
      "k1": -0.08978704556685761,
      "k2": 0,
      "k3": 0,
      "k4": 0,
      "p1": 0,
      "p2": 0,
      "cx": 1920.0,
      "cy": 1080.0,
      "is_fisheye": false,
      "camera_angle_x": 0.6906525465882634,
      "camera_angle_y": 0.39931658262548353,
      "fovx": 39.571476029469956,
      "fovy": 22.879154874027222
    },
    {
      "file_path": "./images/32.png",
      "sharpness": 119.47399040315209,
      "transform_matrix": [
        [
          0.6205636612541036,
          -0.008210034124292326,
          -0.7841130898695944,
          -2.929169273209986
        ],
        [
          -0.7841486319841032,
          -0.01085251251047274,
          -0.6204781591077223,
          -2.497824355315881
        ],
        [
          -0.0034154502577827556,
          0.9999074048861653,
          -0.013172561924411453,
          0.03529528887026418
        ],
        [
          0.0,
          0.0,
          0.0,
          1.0
        ]
      ],
      "w": 3840.0,
      "h": 2160.0,
      "fl_x": 5149.550532912695,
      "fl_y": 5149.550532912695,
      "k1": -0.012449886493306759,
      "k2": 0,
      "k3": 0,
      "k4": 0,
      "p1": 0,
      "p2": 0,
      "cx": 1920.0,
      "cy": 1080.0,
      "is_fisheye": false,
      "camera_angle_x": 0.7137654341530826,
      "camera_angle_y": 0.413461501447421,
      "fovx": 40.8957469392945,
      "fovy": 23.689599024079403
    },
    {
      "file_path": "./images/33.png",
      "sharpness": 131.3975513590158,
      "transform_matrix": [
        [
          0.8643496255355975,
          0.04410114344162459,
          -0.5009539040848734,
          -1.921640664154085
        ],
        [
          -0.5003521528923213,
          -0.024560893922572543,
          -0.8654735614597256,
          -3.3370452361129463
        ],
        [
          -0.05047224937719625,
          0.9987251131673537,
          0.0008369026012348169,
          0.051512931721530875
        ],
        [
          0.0,
          0.0,
          0.0,
          1.0
        ]
      ],
      "w": 3840.0,
      "h": 2160.0,
      "fl_x": 5316.602063992599,
      "fl_y": 5316.602063992599,
      "k1": -0.07135829244271721,
      "k2": 0,
      "k3": 0,
      "k4": 0,
      "p1": 0,
      "p2": 0,
      "cx": 1920.0,
      "cy": 1080.0,
      "is_fisheye": false,
      "camera_angle_x": 0.693116305434295,
      "camera_angle_y": 0.40082066474050454,
      "fovx": 39.71263901308559,
      "fovy": 22.96533243125904
    },
    {
      "file_path": "./images/34.png",
      "sharpness": 90.56108699789864,
      "transform_matrix": [
        [
          0.9667391420699086,
          -0.024846912472819227,
          -0.25455463493082936,
          -0.965137698856182
        ],
        [
          -0.2546700631003474,
          -0.0015443325093267668,
          -0.9670267700522069,
          -3.707005731452474
        ],
        [
          0.02363451251623675,
          0.9996900749792258,
          -0.007820731452438907,
          0.06147758497326833
        ],
        [
          0.0,
          0.0,
          0.0,
          1.0
        ]
      ],
      "w": 3840.0,
      "h": 2160.0,
      "fl_x": 5141.29693949121,
      "fl_y": 5141.29693949121,
      "k1": -0.011182195014942994,
      "k2": 0,
      "k3": 0,
      "k4": 0,
      "p1": 0,
      "p2": 0,
      "cx": 1920.0,
      "cy": 1080.0,
      "is_fisheye": false,
      "camera_angle_x": 0.7148162278402288,
      "camera_angle_y": 0.4141064587785842,
      "fovx": 40.95595298270697,
      "fovy": 23.726552357121076
    },
    {
      "file_path": "./images/35.png",
      "sharpness": 50.74879183544992,
      "transform_matrix": [
        [
          0.985755987832644,
          0.015636609149437503,
          0.16745336347968307,
          0.6422447332153093
        ],
        [
          0.16739891899777387,
          0.0047374217360473345,
          -0.9858778619858087,
          -3.7732448145584976
        ],
        [
          -0.016209084000878136,
          0.9998665177531966,
          0.002052390374790644,
          0.0872861047251843
        ],
        [
          0.0,
          0.0,
          0.0,
          1.0
        ]
      ],
      "w": 3840.0,
      "h": 2160.0,
      "fl_x": 5302.019963765338,
      "fl_y": 5302.019963765338,
      "k1": -0.06558408931001211,
      "k2": 0,
      "k3": 0,
      "k4": 0,
      "p1": 0,
      "p2": 0,
      "cx": 1920.0,
      "cy": 1080.0,
      "is_fisheye": false,
      "camera_angle_x": 0.6948730119944218,
      "camera_angle_y": 0.4018936401681632,
      "fovx": 39.81329088482379,
      "fovy": 23.026809394785122
    },
    {
      "file_path": "./images/36.png",
      "sharpness": 62.495918329920684,
      "transform_matrix": [
        [
          0.8424120445359518,
          -0.029733959725530005,
          0.5380128612719783,
          2.06249640697043
        ],
        [
          0.5376910921553866,
          -0.01860715300497648,
          -0.8429365713230357,
          -3.3033190081942783
        ],
        [
          0.03507472969122829,
          0.9993846434333382,
          0.0003127954730089598,
          0.1020549675720432
        ],
        [
          0.0,
          0.0,
          0.0,
          1.0
        ]
      ],
      "w": 3840.0,
      "h": 2160.0,
      "fl_x": 5322.847536600469,
      "fl_y": 5322.847536600469,
      "k1": -0.07188946954231894,
      "k2": 0,
      "k3": 0,
      "k4": 0,
      "p1": 0,
      "p2": 0,
      "cx": 1920.0,
      "cy": 1080.0,
      "is_fisheye": false,
      "camera_angle_x": 0.6923665174954502,
      "camera_angle_y": 0.400362839325247,
      "fovx": 39.66967932865997,
      "fovy": 22.93910096721096
    },
    {
      "file_path": "./images/37.png",
      "sharpness": 60.27069285962982,
      "transform_matrix": [
        [
          0.8629983039652454,
          -0.11233020186191775,
          0.49256050708215904,
          2.092432464574103
        ],
        [
          0.5051944220469151,
          0.19870800945933698,
          -0.8398176724202878,
          -3.2702703592381157
        ],
        [
          -0.0035388292304006355,
          0.9736000476372552,
          0.2282332665557626,
          0.6330699034585292
        ],
        [
          0.0,
          0.0,
          0.0,
          1.0
        ]
      ],
      "w": 3840.0,
      "h": 2160.0,
      "fl_x": 5321.698241835326,
      "fl_y": 5321.698241835326,
      "k1": -0.07409422637778158,
      "k2": 0,
      "k3": 0,
      "k4": 0,
      "p1": 0,
      "p2": 0,
      "cx": 1920.0,
      "cy": 1080.0,
      "is_fisheye": false,
      "camera_angle_x": 0.6925043769117337,
      "camera_angle_y": 0.4004470110836155,
      "fovx": 39.677578091379154,
      "fovy": 22.94392365371967
    },
    {
      "file_path": "./images/38.png",
      "sharpness": 53.60077690895328,
      "transform_matrix": [
        [
          0.95933218069254,
          -0.09395488765577903,
          0.2661846092612206,
          1.0320483316019216
        ],
        [
          0.2808656486246305,
          0.22344304762137268,
          -0.9333743578502557,
          -3.613153815796056
        ],
        [
          0.028217982609374283,
          0.9701781710530313,
          0.2407448065980932,
          0.613284228459283
        ],
        [
          0.0,
          0.0,
          0.0,
          1.0
        ]
      ],
      "w": 3840.0,
      "h": 2160.0,
      "fl_x": 5741.487366478828,
      "fl_y": 5741.487366478828,
      "k1": 0.06610368526379262,
      "k2": 0,
      "k3": 0,
      "k4": 0,
      "p1": 0,
      "p2": 0,
      "cx": 1920.0,
      "cy": 1080.0,
      "is_fisheye": false,
      "camera_angle_x": 0.6454351017835015,
      "camera_angle_y": 0.371863842712876,
      "fovx": 36.980707281791354,
      "fovy": 21.306228740964468
    },
    {
      "file_path": "./images/39.png",
      "sharpness": 54.01400077033145,
      "transform_matrix": [
        [
          0.9828129244092969,
          -0.045960340645777094,
          0.17879150633078808,
          0.6880073094083151
        ],
        [
          0.18458484017112492,
          0.23059171154882316,
          -0.9553825931761698,
          -3.738067233602023
        ],
        [
          0.0026818699742139403,
          0.9719645619492326,
          0.23511209650415527,
          0.6114446029310155
        ],
        [
          0.0,
          0.0,
          0.0,
          1.0
        ]
      ],
      "w": 3840.0,
      "h": 2160.0,
      "fl_x": 5301.860188819568,
      "fl_y": 5301.860188819568,
      "k1": -0.0636958581087817,
      "k2": 0,
      "k3": 0,
      "k4": 0,
      "p1": 0,
      "p2": 0,
      "cx": 1920.0,
      "cy": 1080.0,
      "is_fisheye": false,
      "camera_angle_x": 0.6948923074121738,
      "camera_angle_y": 0.40190542806492163,
      "fovx": 39.81439643082493,
      "fovy": 23.027484791518717
    },
    {
      "file_path": "./images/4.png",
      "sharpness": 95.53174527391975,
      "transform_matrix": [
        [
          0.28783031445987184,
          -0.07295606177581268,
          -0.9548984884072009,
          -3.633337375174749
        ],
        [
          -0.9573739404737371,
          -0.04718469186081831,
          -0.2849714774426144,
          -1.1105701400793895
        ],
        [
          -0.024266194221207023,
          0.9962183585632198,
          -0.08342741703974665,
          -0.5338867892880897
        ],
        [
          0.0,
          0.0,
          0.0,
          1.0
        ]
      ],
      "w": 3840.0,
      "h": 2160.0,
      "fl_x": 3610.9033532529015,
      "fl_y": 3610.9033532529015,
      "k1": -0.15873723049621985,
      "k2": 0,
      "k3": 0,
      "k4": 0,
      "p1": 0,
      "p2": 0,
      "cx": 1920.0,
      "cy": 1080.0,
      "is_fisheye": false,
      "camera_angle_x": 0.9774053796098543,
      "camera_angle_y": 0.5812510295845026,
      "fovx": 56.00120312502674,
      "fovy": 33.303230832825754
    },
    {
      "file_path": "./images/40.png",
      "sharpness": 85.5228632554073,
      "transform_matrix": [
        [
          0.9913352910542342,
          0.055185242184006306,
          -0.11920121555492479,
          -0.4020580478060383
        ],
        [
          -0.12834848061259943,
          0.21387722900427972,
          -0.9683920685538095,
          -3.7802769292580414
        ],
        [
          -0.027946525155383713,
          0.9753005280380528,
          0.21910698705138631,
          0.602111693393696
        ],
        [
          0.0,
          0.0,
          0.0,
          1.0
        ]
      ],
      "w": 3840.0,
      "h": 2160.0,
      "fl_x": 5252.8444513434015,
      "fl_y": 5252.8444513434015,
      "k1": -0.011950331799739209,
      "k2": 0,
      "k3": 0,
      "k4": 0,
      "p1": 0,
      "p2": 0,
      "cx": 1920.0,
      "cy": 1080.0,
      "is_fisheye": false,
      "camera_angle_x": 0.7008606737156677,
      "camera_angle_y": 0.40555420717623597,
      "fovx": 40.15635863060323,
      "fovy": 23.236544434972526
    },
    {
      "file_path": "./images/41.png",
      "sharpness": 103.82921596781163,
      "transform_matrix": [
        [
          0.987036116682231,
          0.018856690167246008,
          -0.15938672979599205,
          -0.6720837889797058
        ],
        [
          -0.15916365624146064,
          0.24280352138964784,
          -0.9569291408106849,
          -3.779824119712302
        ],
        [
          0.020655142936971096,
          0.9698921977565419,
          0.24265714462084031,
          0.5978247424916031
        ],
        [
          0.0,
          0.0,
          0.0,
          1.0
        ]
      ],
      "w": 3840.0,
      "h": 2160.0,
      "fl_x": 5316.603993466189,
      "fl_y": 5316.603993466189,
      "k1": -0.07909217195863982,
      "k2": 0,
      "k3": 0,
      "k4": 0,
      "p1": 0,
      "p2": 0,
      "cx": 1920.0,
      "cy": 1080.0,
      "is_fisheye": false,
      "camera_angle_x": 0.6931160735544832,
      "camera_angle_y": 0.4008205231405997,
      "fovx": 39.712625727351025,
      "fovy": 22.96532431818211
    },
    {
      "file_path": "./images/42.png",
      "sharpness": 110.21429253412923,
      "transform_matrix": [
        [
          0.9025943688314303,
          0.0687711682405502,
          -0.4249634476127145,
          -1.6349279790067346
        ],
        [
          -0.42941110486573497,
          0.21373892395154498,
