{
  "frames": [
    {
      "file_path": "./images/0.png",
      "sharpness": 253.15599113544408,
      "transform_matrix": [
        [
          -0.8656858060434587,
          0.08518453637499653,
          0.49328661041274197,
          1.9515177032627111
        ],
        [
          0.4955350993849869,
          0.0061716561969967386,
          0.8685659882457443,
          3.2998187534340038
        ],
        [
          0.0709439956537551,
          0.996346077152612,
          -0.04755464286816811,
          -0.4585275261316789
        ],
        [
          0.0,
          0.0,
          0.0,
          1.0
        ]
      ],
      "w": 3840.0,
      "h": 2160.0,
      "fl_x": 5292.389504709959,
      "fl_y": 5292.389504709959,
      "k1": -0.06734680927206499,
      "k2": 0,
      "k3": 0,
      "k4": 0,
      "p1": 0,
      "p2": 0,
      "cx": 1920.0,
      "cy": 1080.0,
      "is_fisheye": false,
      "camera_angle_x": 0.6960378856582741,
      "camera_angle_y": 0.40260537812253827,
      "fovx": 39.88003322942848,
      "fovy": 23.06758897569009
    },
    {
      "file_path": "./images/1.png",
      "sharpness": 258.95034745564516,
      "transform_matrix": [
        [
          -0.6532053952786874,
          0.06591727866169068,
          0.7543060545877112,
          2.92311691404906
        ],
        [
          0.7569545004970583,
          0.03249631555529273,
          0.6526590791926437,
          2.5004223037286
        ],
        [
          0.018509342819073783,
          0.9972957945786026,
          -0.07112314939088138,
          -0.472675753266297
        ],
        [
          0.0,
          0.0,
          0.0,
          1.0
        ]
      ],
      "w": 3840.0,
      "h": 2160.0,
      "fl_x": 5295.2441119168225,
      "fl_y": 5295.2441119168225,
      "k1": -0.06682611120304868,
      "k2": 0,
      "k3": 0,
      "k4": 0,
      "p1": 0,
      "p2": 0,
      "cx": 1920.0,
      "cy": 1080.0,
      "is_fisheye": false,
      "camera_angle_x": 0.6956922097703662,
      "camera_angle_y": 0.40239414952956437,
      "fovx": 39.86022745997192,
      "fovy": 23.055486468800197
    },
    {
      "file_path": "./images/10.png",
      "sharpness": 240.66371551890433,
      "transform_matrix": [
        [
          0.7267212376545081,
          -0.05415835401971923,
          -0.6847942139554063,
          -2.8758921094921424
        ],
        [
          -0.6867287608481245,
          -0.03300128582290443,
          -0.7261642542552224,
          -2.9346588072871285
        ],
        [
          0.016728771173806185,
          0.9979868675783805,
          -0.061174834622947094,
          -0.4889228209441762
        ],
        [
          0.0,
          0.0,
          0.0,
          1.0
        ]
      ],
      "w": 3840.0,
      "h": 2160.0,
      "fl_x": 3938.930314519983,
      "fl_y": 3938.930314519983,
      "k1": -0.14258809316795557,
      "k2": 0,
      "k3": 0,
      "k4": 0,
      "p1": 0,
      "p2": 0,
      "cx": 1920.0,
      "cy": 1080.0,
      "is_fisheye": false,
      "camera_angle_x": 0.9071016356637243,
      "camera_angle_y": 0.5352187822366156,
      "fovx": 51.97309531294508,
      "fovy": 30.665777338289544
    },
    {
      "file_path": "./images/11.png",
      "sharpness": 251.01023931802888,
      "transform_matrix": [
        [
          0.4501369055511048,
          -0.04422448371202006,
          -0.8918637571604251,
          -3.627371327452406
        ],
        [
          -0.8929469653119049,
          -0.027596591583476257,
          -0.44931519590733204,
          -1.9359501561053694
        ],
        [
          -0.004741667291493997,
          0.99864038733089,
          -0.051912362862277746,
          -0.4661550827114544
        ],
        [
          0.0,
          0.0,
          0.0,
          1.0
        ]
      ],
      "w": 3840.0,
      "h": 2160.0,
      "fl_x": 5298.777610855308,
      "fl_y": 5298.777610855308,
      "k1": -0.07539011734334129,
      "k2": 0,
      "k3": 0,
      "k4": 0,
      "p1": 0,
      "p2": 0,
      "cx": 1920.0,
      "cy": 1080.0,
      "is_fisheye": false,
      "camera_angle_x": 0.6952647800965934,
      "camera_angle_y": 0.40213298851870954,
      "fovx": 39.83573754362608,
      "fovy": 23.040523045104848
    },
    {
      "file_path": "./images/12.png",
      "sharpness": 160.9801986882716,
      "transform_matrix": [
        [
          0.16764843199828933,
          -0.049619491047504766,
          -0.9845973336302155,
          -3.9688752160651184
        ],
        [
          -0.9858155010272917,
          -0.016401913196849728,
          -0.16702926443531385,
          -0.7349808550650244
        ],
        [
          -0.007861372908733124,
          0.9986335080432147,
          -0.05166541845693902,
          -0.46657537862650394
        ],
        [
          0.0,
          0.0,
          0.0,
          1.0
        ]
      ],
      "w": 3840.0,
      "h": 2160.0,
      "fl_x": 3072.3512882796963,
      "fl_y": 3072.3512882796963,
      "k1": -0.18276129783958112,
      "k2": 0,
      "k3": 0,
      "k4": 0,
      "p1": 0,
      "p2": 0,
      "cx": 1920.0,
      "cy": 1080.0,
      "is_fisheye": false,
      "camera_angle_x": 1.117095851135631,
      "camera_angle_y": 0.6760606938786959,
      "fovx": 64.00487758164614,
      "fovy": 38.7354244539352
    },
    {
      "file_path": "./images/13.png",
      "sharpness": 165.23608553645605,
      "transform_matrix": [
        [
          -0.11811748088941022,
          -0.04576784915353471,
          -0.9919443354983322,
          -4.080949998537396
        ],
        [
          -0.9929971365308311,
          0.007681689268520316,
          0.11788841542560972,
          0.3972945097105437
        ],
        [
          0.002224308942818513,
          0.9989225674039394,
          -0.046354684940007884,
          -0.4388440313586083
        ],
        [
          0.0,
          0.0,
          0.0,
          1.0
        ]
      ],
      "w": 3840.0,
      "h": 2160.0,
      "fl_x": 5306.917039582072,
      "fl_y": 5306.917039582072,
      "k1": -0.06785810041936174,
      "k2": 0,
      "k3": 0,
      "k4": 0,
      "p1": 0,
      "p2": 0,
      "cx": 1920.0,
      "cy": 1080.0,
      "is_fisheye": false,
      "camera_angle_x": 0.6942821088856155,
      "camera_angle_y": 0.4015326736438159,
      "fovx": 39.77943463058804,
      "fovy": 23.006127536394516
    },
    {
      "file_path": "./images/14.png",
      "sharpness": 214.40274064429013,
      "transform_matrix": [
        [
          -0.4504430828769659,
          -0.04306479380884939,
          -0.8917659180847428,
          -3.5805367147304494
        ],
        [
          -0.8927670391323046,
          0.030954820413685757,
          0.44945390523623596,
          1.6978630598495317
        ],
        [
          0.008248814089778199,
          0.9985926209733197,
          -0.05239021319661311,
          -0.44441533629632013
        ],
        [
          0.0,
          0.0,
          0.0,
          1.0
        ]
      ],
      "w": 3840.0,
      "h": 2160.0,
      "fl_x": 3871.782874564094,
      "fl_y": 3871.782874564094,
      "k1": -0.1367984184940094,
      "k2": 0,
      "k3": 0,
      "k4": 0,
      "p1": 0,
      "p2": 0,
      "cx": 1920.0,
      "cy": 1080.0,
      "is_fisheye": false,
      "camera_angle_x": 0.9207173644866171,
      "camera_angle_y": 0.5440533314390961,
      "fovx": 52.75321910949146,
      "fovy": 31.17195972149235
    },
    {
      "file_path": "./images/15.png",
      "sharpness": 217.12882172788122,
      "transform_matrix": [
        [
          -0.6780794631479548,
          0.01679514843213597,
          -0.7347966825463709,
          -2.992397962795833
        ],
        [
          -0.7310899923281429,
          0.08742208727736399,
          0.6766570784183921,
          2.6378886965889117
        ],
        [
          0.07560201578237875,
          0.9960297694747784,
          -0.04700035706990825,
          -0.43292607162874774
        ],
        [
          0.0,
          0.0,
          0.0,
          1.0
        ]
      ],
      "w": 3840.0,
      "h": 2160.0,
      "fl_x": 5311.273948485175,
      "fl_y": 5311.273948485175,
      "k1": -0.07325888142896507,
      "k2": 0,
      "k3": 0,
      "k4": 0,
      "p1": 0,
      "p2": 0,
      "cx": 1920.0,
      "cy": 1080.0,
      "is_fisheye": false,
      "camera_angle_x": 0.6937571947755755,
      "camera_angle_y": 0.40121206047489655,
      "fovx": 39.74935926747588,
      "fovy": 22.987757754959127
    },
    {
      "file_path": "./images/16.png",
      "sharpness": 183.8000429205247,
      "transform_matrix": [
        [
          -0.9078855785222969,
          -0.013860925199902207,
          -0.4189888436448703,
          -1.7450770815557695
        ],
        [
          -0.41920636900928865,
          0.03747932961983715,
          0.9071170376711624,
          3.6359626307414237
        ],
        [
          0.00312993957128364,
          0.9992012683332823,
          -0.03983753097869401,
          -0.43817803108792214
        ],
        [
          0.0,
          0.0,
          0.0,
          1.0
        ]
      ],
      "w": 3840.0,
      "h": 2160.0,
      "fl_x": 3835.1755798416357,
      "fl_y": 3835.1755798416357,
      "k1": -0.15060795351890743,
      "k2": 0,
      "k3": 0,
      "k4": 0,
      "p1": 0,
      "p2": 0,
      "cx": 1920.0,
      "cy": 1080.0,
      "is_fisheye": false,
      "camera_angle_x": 0.9283013166670484,
      "camera_angle_y": 0.5489905642437468,
      "fovx": 53.18774756145922,
      "fovy": 31.454842323672374
    },
    {
      "file_path": "./images/17.png",
      "sharpness": 106.78506039644823,
      "transform_matrix": [
        [
          -0.8846870737771667,
          0.01692773895226859,
          -0.4658779166053981,
          -1.9386516386718131
        ],
        [
          -0.46587855209211976,
          0.004146831457944066,
          0.884838956245383,
          3.491119566828699
        ],
        [
          0.016910240066260362,
          0.9998481162045866,
          0.004217622325300648,
          0.12295024710523296
        ],
        [
          0.0,
          0.0,
          0.0,
          1.0
        ]
      ],
      "w": 3840.0,
      "h": 2160.0,
      "fl_x": 5319.910698253835,
      "fl_y": 5319.910698253835,
      "k1": -0.07654560236949368,
      "k2": 0,
      "k3": 0,
      "k4": 0,
      "p1": 0,
      "p2": 0,
      "cx": 1920.0,
      "cy": 1080.0,
      "is_fisheye": false,
      "camera_angle_x": 0.6927188998427897,
      "camera_angle_y": 0.4005779961585284,
      "fovx": 39.68986934993743,
      "fovy": 22.95142854569138
    },
    {
      "file_path": "./images/18.png",
      "sharpness": 124.92086224241861,
      "transform_matrix": [
        [
          -0.7008279397901503,
          -0.0010055677567137769,
          -0.7133296486744458,
          -2.8795155611670173
        ],
        [
          -0.7133284936385268,
          -0.0012980115914760517,
          0.7008286347812193,
          2.6876128427424253
        ],
        [
          -0.0016306408306406988,
          0.9999986520163079,
          0.00019238265632984044,
          0.12028928796449954
        ],
        [
          0.0,
          0.0,
          0.0,
          1.0
        ]
      ],
      "w": 3840.0,
      "h": 2160.0,
      "fl_x": 4394.271744803702,
      "fl_y": 4394.271744803702,
      "k1": -0.09512530413246895,
      "k2": 0,
      "k3": 0,
      "k4": 0,
      "p1": 0,
      "p2": 0,
      "cx": 1920.0,
      "cy": 1080.0,
      "is_fisheye": false,
      "camera_angle_x": 0.8238679757858751,
      "camera_angle_y": 0.4819955954057401,
      "fovx": 47.204157888516946,
      "fovy": 27.61631336064412
    },
    {
      "file_path": "./images/19.png",
      "sharpness": 115.22212141886337,
      "transform_matrix": [
        [
          -0.5091371630935142,
          0.005274002972098322,
          -0.8606692361672784,
          -3.470289913656428
        ],
        [
          -0.8606850394193055,
          -0.002210849160121063,
          0.5091329640337471,
          1.9543002151935733
        ],
        [
          0.0007823589075847723,
          0.9999836484031525,
          0.005664880925349858,
          0.12240740686113535
        ],
        [
          0.0,
          0.0,
          0.0,
          1.0
        ]
      ],
      "w": 3840.0,
      "h": 2160.0,
      "fl_x": 5304.612584051408,
      "fl_y": 5304.612584051408,
      "k1": -0.07200507404979002,
      "k2": 0,
      "k3": 0,
      "k4": 0,
      "p1": 0,
      "p2": 0,
      "cx": 1920.0,
      "cy": 1080.0,
      "is_fisheye": false,
      "camera_angle_x": 0.6945600546528937,
      "camera_angle_y": 0.4017024567879414,
      "fovx": 39.79535974998661,
      "fovy": 23.015855393985373
    },
    {
      "file_path": "./images/2.png",
      "sharpness": 252.90965470679012,
      "transform_matrix": [
        [
          -0.33724244470911036,
          0.05920748614149034,
          0.9395541533655505,
          3.5982725971798013
        ],
        [
          0.9400747085139384,
          -0.032112970210931596,
          0.33945294159378725,
          1.3464194482953973
        ],
        [
          0.05027002987368726,
          0.9977290367449678,
          -0.04482960369549914,
          -0.4928597822844126
        ],
        [
          0.0,
          0.0,
          0.0,
          1.0
        ]
      ],
      "w": 3840.0,
      "h": 2160.0,
      "fl_x": 3610.269391140707,
      "fl_y": 3610.269391140707,
      "k1": -0.15532959252086612,
      "k2": 0,
      "k3": 0,
      "k4": 0,
      "p1": 0,
      "p2": 0,
      "cx": 1920.0,
      "cy": 1080.0,
      "is_fisheye": false,
      "camera_angle_x": 0.9775509547609197,
      "camera_angle_y": 0.5813474446955427,
      "fovx": 56.00954396678477,
      "fovy": 33.308755011769634
    },
    {
      "file_path": "./images/20.png",
      "sharpness": 166.25731288580246,
      "transform_matrix": [
        [
          -0.2853385717067407,
          0.02068842674238444,
          -0.9582034692748251,
          -3.8498807202110905
        ],
        [
          -0.9582327034831231,
          0.013960816380881784,
          0.2856487030977276,
          1.0342628102653615
        ],
        [
          0.0192869249581642,
          0.999688493801912,
          0.015840767682186757,
          0.11290388661548623
        ],
        [
          0.0,
          0.0,
          0.0,
          1.0
        ]
      ],
      "w": 3840.0,
      "h": 2160.0,
      "fl_x": 3073.8333005484947,
      "fl_y": 3073.8333005484947,
      "k1": -0.1836219483995231,
      "k2": 0,
      "k3": 0,
      "k4": 0,
      "p1": 0,
      "p2": 0,
      "cx": 1920.0,
      "cy": 1080.0,
      "is_fisheye": false,
      "camera_angle_x": 1.1166624315727562,
      "camera_angle_y": 0.6757589919689129,
      "fovx": 63.98004446993502,
      "fovy": 38.718138207833604
    },
    {
      "file_path": "./images/21.png",
      "sharpness": 106.73111532694047,
      "transform_matrix": [
        [
          -0.05155758893373554,
          0.00123230781349702,
          -0.9986692628071725,
          -4.049653290308401
        ],
        [
          -0.9985928490165291,
          0.012368098864844546,
          0.051568905587864707,
          0.059186980753719504
        ],
        [
          0.012415188940969943,
          0.999922752807913,
          0.0005929044131798527,
          0.10797034909511208
        ],
        [
          0.0,
          0.0,
          0.0,
          1.0
        ]
      ],
      "w": 3840.0,
      "h": 2160.0,
      "fl_x": 5310.177272820383,
      "fl_y": 5310.177272820383,
      "k1": -0.06790510857109651,
      "k2": 0,
      "k3": 0,
      "k4": 0,
      "p1": 0,
      "p2": 0,
      "cx": 1920.0,
      "cy": 1080.0,
      "is_fisheye": false,
      "camera_angle_x": 0.6938892489403815,
      "camera_angle_y": 0.401292714298627,
      "fovx": 39.75692541378639,
      "fovy": 22.992378878660475
    },
    {
      "file_path": "./images/22.png",
      "sharpness": 199.11882667824074,
      "transform_matrix": [
        [
          0.2651274789058665,
          0.011481083583610665,
          -0.9641450122693133,
          -3.9257068280473755
        ],
        [
          -0.9642131842949182,
          0.0025388948369823717,
          -0.26511599205794834,
          -1.119964524492109
        ],
        [
          -0.0005959560704162896,
          0.9999308669942091,
          0.011743342948645551,
          0.09826591352799992
        ],
        [
          0.0,
          0.0,
          0.0,
          1.0
        ]
      ],
      "w": 3840.0,
      "h": 2160.0,
      "fl_x": 3145.2410016216027,
      "fl_y": 3145.2410016216027,
      "k1": -0.1815989843015889,
      "k2": 0,
      "k3": 0,
      "k4": 0,
      "p1": 0,
      "p2": 0,
      "cx": 1920.0,
      "cy": 1080.0,
      "is_fisheye": false,
      "camera_angle_x": 1.0961300949114199,
      "camera_angle_y": 0.6615229668453094,
      "fovx": 62.80362823569872,
      "fovy": 37.90247405120892
    },
    {
      "file_path": "./images/23.png",
      "sharpness": 123.5817203076203,
      "transform_matrix": [
        [
          0.47980775982969365,
          -0.023102931611298394,
          -0.8770694203956734,
          -3.585859058336702
        ],
        [
          -0.8765620401159463,
          0.030365113471704702,
          -0.4803300424829044,
          -1.9926879448424117
        ],
        [
          0.037729344595211496,
          0.999271842127967,
          -0.005681735794025718,
          0.08322904023270039
        ],
        [
          0.0,
          0.0,
          0.0,
          1.0
        ]
      ],
      "w": 3840.0,
      "h": 2160.0,
      "fl_x": 5308.606397701255,
      "fl_y": 5308.606397701255,
      "k1": -0.07288613552668283,
      "k2": 0,
      "k3": 0,
      "k4": 0,
      "p1": 0,
      "p2": 0,
      "cx": 1920.0,
      "cy": 1080.0,
      "is_fisheye": false,
      "camera_angle_x": 0.6940784870089118,
      "camera_angle_y": 0.4014082983533202,
      "fovx": 39.76776795643639,
      "fovy": 22.9990013571734
    },
    {
      "file_path": "./images/24.png",
      "sharpness": 197.8896416859568,
      "transform_matrix": [
        [
          0.7147478500117068,
          -0.011068873479354367,
          -0.6992946381737596,
          -2.8880875192109583
        ],
        [
          -0.699197719196538,
          0.011657259105832478,
          -0.7148333076882389,
          -2.8556543148703413
        ],
        [
          0.016064258230140363,
          0.9998707858443866,
          0.0005926697920835676,
          0.07827891990844124
        ],
        [
          0.0,
          0.0,
          0.0,
          1.0
        ]
      ],
      "w": 3840.0,
      "h": 2160.0,
      "fl_x": 3094.2055991078237,
      "fl_y": 3094.2055991078237,
      "k1": -0.18014698960926417,
      "k2": 0,
      "k3": 0,
      "k4": 0,
      "p1": 0,
      "p2": 0,
      "cx": 1920.0,
      "cy": 1080.0,
      "is_fisheye": false,
      "camera_angle_x": 1.110734826940023,
      "camera_angle_y": 0.6716377822159185,
      "fovx": 63.64041774185721,
      "fovy": 38.48201028249887
    },
    {
      "file_path": "./images/25.png",
      "sharpness": 137.46844738243732,
      "transform_matrix": [
        [
          0.842393135436024,
          0.02814568712132946,
          -0.5381278897267462,
          -2.227146039603655
        ],
        [
          -0.538026785986401,
          -0.011695884360938779,
          -0.8428465956804766,
          -3.369923857595679
        ],
        [
          -0.030016378142940465,
          0.9995354053861812,
          0.005290600882759343,
          0.06930016620192442
        ],
        [
          0.0,
          0.0,
          0.0,
          1.0
        ]
      ],
      "w": 3840.0,
      "h": 2160.0,
      "fl_x": 5317.405405550431,
      "fl_y": 5317.405405550431,
      "k1": -0.0826368910988111,
      "k2": 0,
      "k3": 0,
      "k4": 0,
      "p1": 0,
      "p2": 0,
      "cx": 1920.0,
      "cy": 1080.0,
      "is_fisheye": false,
      "camera_angle_x": 0.6930197745184893,
      "camera_angle_y": 0.4007617177698239,
      "fovx": 39.70710819901739,
      "fovy": 22.961955018623954
    },
    {
      "file_path": "./images/26.png",
      "sharpness": 198.6895480076598,
      "transform_matrix": [
        [
          0.9537382313806682,
          -0.0067442138264546215,
          -0.30056264175337416,
          -1.1553913537981841
        ],
        [
          -0.3005793747267853,
          -0.0015983234462427578,
          -0.9537554638643102,
          -3.8088056022560237
        ],
        [
          0.005951934469071252,
          0.9999759802000556,
          -0.0035515537517733457,
          0.05705404816253459
        ],
        [
          0.0,
          0.0,
          0.0,
          1.0
        ]
      ],
      "w": 3840.0,
      "h": 2160.0,
      "fl_x": 3089.325316580939,
      "fl_y": 3089.325316580939,
      "k1": -0.19189423089918706,
      "k2": 0,
      "k3": 0,
      "k4": 0,
      "p1": 0,
      "p2": 0,
      "cx": 1920.0,
      "cy": 1080.0,
      "is_fisheye": false,
      "camera_angle_x": 1.1121496782011369,
      "camera_angle_y": 0.6726206268510306,
      "fovx": 63.7214827477578,
      "fovy": 38.53832313200787
    },
    {
      "file_path": "./images/27.png",
      "sharpness": 189.72804819923812,
      "transform_matrix": [
        [
          0.9959385519624174,
          0.020210309624842316,
          -0.08773792871329732,
          -0.2951773771447425
        ],
        [
          -0.08750450065109909,
          -0.012160091738974954,
          -0.9960899028374451,
          -3.995649424912264
        ],
        [
          -0.021198186612665225,
          0.999721799096529,
          -0.010342211106518954,
          0.05891870253868972
        ],
        [
          0.0,
          0.0,
          0.0,
          1.0
        ]
      ],
      "w": 3840.0,
      "h": 2160.0,
      "fl_x": 5313.586401205852,
      "fl_y": 5313.586401205852,
      "k1": -0.07479980834430193,
      "k2": 0,
      "k3": 0,
      "k4": 0,
      "p1": 0,
      "p2": 0,
      "cx": 1920.0,
      "cy": 1080.0,
      "is_fisheye": false,
      "camera_angle_x": 0.693478903084538,
      "camera_angle_y": 0.40104209842704913,
      "fovx": 39.73341432810587,
      "fovy": 22.978019646940066
    },
    {
      "file_path": "./images/28.png",
      "sharpness": 187.8067093460611,
      "transform_matrix": [
        [
          0.9759989347019189,
          0.03938951609133121,
          0.21418343894390754,
          0.8483625418201234
        ],
        [
          0.21434395644438667,
          0.00015141529224661982,
          -0.9767582328340958,
          -3.8532449330608984
        ],
        [
          -0.038506464777560964,
          0.9992239204155083,
          -0.008295123557515474,
          0.049863884905165905
        ],
        [
          0.0,
          0.0,
          0.0,
          1.0
        ]
      ],
      "w": 3840.0,
      "h": 2160.0,
      "fl_x": 3078.306220379183,
      "fl_y": 3078.306220379183,
      "k1": -0.18774899037575646,
      "k2": 0,
      "k3": 0,
      "k4": 0,
      "p1": 0,
      "p2": 0,
      "cx": 1920.0,
      "cy": 1080.0,
      "is_fisheye": false,
      "camera_angle_x": 1.115356132081861,
      "camera_angle_y": 0.6748499817497922,
      "fovx": 63.905199022326634,
      "fovy": 38.666055758743724
    },
    {
      "file_path": "./images/29.png",
      "sharpness": 98.36505196083371,
      "transform_matrix": [
        [
          0.8873678554817477,
          0.01717548808687809,
          0.46074210975526225,
          1.816030928644298
        ],
        [
          0.4607929310573864,
          0.0011065821702243893,
          -0.8875069859800839,
          -3.4459304462475737
        ],
        [
          -0.01575321466844875,
          0.9998518780899079,
          -0.006932398050587387,
          0.04111036235444524
        ],
        [
          0.0,
          0.0,
          0.0,
          1.0
        ]
      ],
      "w": 3840.0,
      "h": 2160.0,
      "fl_x": 5296.263651201088,
      "fl_y": 5296.263651201088,
      "k1": -0.060753992028008304,
      "k2": 0,
      "k3": 0,
      "k4": 0,
      "p1": 0,
      "p2": 0,
      "cx": 1920.0,
      "cy": 1080.0,
      "is_fisheye": false,
      "camera_angle_x": 0.6955688294673611,
      "camera_angle_y": 0.4023187610106662,
      "fovx": 39.85315828933468,
      "fovy": 23.05116702484359
    },
    {
      "file_path": "./images/3.png",
      "sharpness": 201.95966254146617,
      "transform_matrix": [
        [
          0.037380347453241834,
          0.06659510533725962,
          0.9970796365408446,
          3.852143562844481
        ],
        [
          0.9991843504588038,
          -0.017743082283902926,
          -0.03627418957460603,
          -0.03027607984767779
        ],
        [
          0.015275582559003617,
          0.9976223108026474,
          -0.06720402965080906,
          -0.5076947076978695
        ],
        [
          0.0,
          0.0,
          0.0,
          1.0
        ]
      ],
      "w": 3840.0,
      "h": 2160.0,
      "fl_x": 5312.216128464075,
      "fl_y": 5312.216128464075,
      "k1": -0.07802974241040414,
      "k2": 0,
      "k3": 0,
      "k4": 0,
      "p1": 0,
      "p2": 0,
      "cx": 1920.0,
      "cy": 1080.0,
      "is_fisheye": false,
      "camera_angle_x": 0.6936437824333068,
      "camera_angle_y": 0.4011427944077046,
      "fovx": 39.742861218919195,
      "fovy": 22.98378910164556
    },
    {
      "file_path": "./images/30.png",
      "sharpness": 177.08819552612292,
      "transform_matrix": [
        [
          0.7022008990047418,
          -0.02804681736866716,
          0.7114262249224792,
          2.7540036218237294
        ],
        [
          0.7108429337774885,
          -0.02880417960339482,
          -0.702760729363841,
          -2.719579197405895
        ],
        [
          0.04020225058757126,
          0.9991915208346556,
          -0.00028943887113311913,
          0.04051561663203248
        ],
        [
          0.0,
          0.0,
          0.0,
          1.0
        ]
      ],
      "w": 3840.0,
      "h": 2160.0,
      "fl_x": 3090.541287093628,
      "fl_y": 3090.541287093628,
      "k1": -0.1905028597948644,
      "k2": 0,
      "k3": 0,
      "k4": 0,
      "p1": 0,
      "p2": 0,
      "cx": 1920.0,
      "cy": 1080.0,
      "is_fisheye": false,
      "camera_angle_x": 1.1117968524591733,
      "camera_angle_y": 0.6723754826603635,
      "fovx": 63.70126732183971,
      "fovy": 38.52427740451049
    },
    {
      "file_path": "./images/31.png",
      "sharpness": 116.15259165465076,
      "transform_matrix": [
        [
          0.3574106582207592,
          0.02092097104190945,
          0.933712982878516,
          3.5233214075460086
        ],
        [
          0.9337364034762161,
          0.013242191588199849,
          -0.35771633061023633,
          -1.4591431087708746
        ],
        [
          -0.01984817920158171,
          0.9996934316917545,
          -0.01480177184607869,
          0.03779134607374405
        ],
        [
          0.0,
          0.0,
          0.0,
          1.0
        ]
      ],
      "w": 3840.0,
      "h": 2160.0,
      "fl_x": 5312.993625331577,
      "fl_y": 5312.993625331577,
      "k1": -0.09213866742961521,
      "k2": 0,
      "k3": 0,
      "k4": 0,
      "p1": 0,
      "p2": 0,
      "cx": 1920.0,
      "cy": 1080.0,
      "is_fisheye": false,
      "camera_angle_x": 0.6935502201636891,
      "camera_angle_y": 0.4010856530842977,
      "fovx": 39.73750049574843,
      "fovy": 22.98051514497855
    },
    {
      "file_path": "./images/32.png",
      "sharpness": 121.57804422260595,
      "transform_matrix": [
        [
          0.0353859437202174,
          0.01182374737902894,
          0.9993037746451153,
          3.8475628921523435
        ],
        [
          0.9993733527565152,
          0.00044018441500140356,
          -0.03539361577873059,
          0.007753031831698081
        ],
        [
          -0.0008583631192489827,
          0.9999300001853311,
          -0.011800761719390361,
          0.0425114038689573
        ],
        [
          0.0,
          0.0,
          0.0,
          1.0
        ]
      ],
      "w": 3840.0,
      "h": 2160.0,
      "fl_x": 5127.308442368227,
      "fl_y": 5127.308442368227,
      "k1": -0.014401624303523219,
      "k2": 0,
      "k3": 0,
      "k4": 0,
      "p1": 0,
      "p2": 0,
      "cx": 1920.0,
      "cy": 1080.0,
      "is_fisheye": false,
      "camera_angle_x": 0.7166039295205345,
      "camera_angle_y": 0.4152040972793175,
      "fovx": 41.05838074401693,
      "fovy": 23.78944241064416
    },
    {
      "file_path": "./images/33.png",
      "sharpness": 216.21798960700082,
      "transform_matrix": [
        [
          -0.3351665776880166,
          -0.0190519720223285,
          0.9419662348502689,
          3.6281388782216517
        ],
        [
          0.9408938232343074,
          0.0450248652544112,
          0.3356956581613167,
          1.30116024241409
        ],
        [
          -0.04880756708564496,
          0.9988041769565497,
          0.0028350527980566228,
          0.0618123047050556
        ],
        [
          0.0,
          0.0,
          0.0,
          1.0
        ]
      ],
      "w": 3840.0,
      "h": 2160.0,
      "fl_x": 5299.443536841573,
      "fl_y": 5299.443536841573,
      "k1": -0.0744431907542765,
      "k2": 0,
      "k3": 0,
      "k4": 0,
      "p1": 0,
      "p2": 0,
      "cx": 1920.0,
      "cy": 1080.0,
      "is_fisheye": false,
      "camera_angle_x": 0.6951842827887462,
      "camera_angle_y": 0.40208380735586924,
      "fovx": 39.831125387624276,
      "fovy": 23.03770517204255
    },
    {
      "file_path": "./images/34.png",
      "sharpness": 166.13680398802018,
      "transform_matrix": [
        [
          -0.5717991947892677,
          0.01833999193955117,
          0.8201885914648114,
          3.1363918013545975
        ],
        [
          0.8200139426777325,
          -0.01763553325267122,
          0.5720717802697699,
          2.2019100313713267
        ],
        [
          0.024956255017231442,
          0.9996762639462731,
          -0.004955065385472442,
          0.0731103650773001
        ],
        [
          0.0,
          0.0,
          0.0,
          1.0
        ]
      ],
      "w": 3840.0,
      "h": 2160.0,
      "fl_x": 5124.721610286491,
      "fl_y": 5124.721610286491,
      "k1": -0.008382247673872554,
      "k2": 0,
      "k3": 0,
      "k4": 0,
      "p1": 0,
      "p2": 0,
      "cx": 1920.0,
      "cy": 1080.0,
      "is_fisheye": false,
      "camera_angle_x": 0.7169354592276005,
      "camera_angle_y": 0.4154077074409417,
      "fovx": 41.07737599701502,
      "fovy": 23.801108413571203
    },
    {
      "file_path": "./images/35.png",
      "sharpness": 153.2698421824126,
      "transform_matrix": [
        [
          -0.8590477149323039,
          -0.016301436121027954,
          0.5116358926863983,
          1.954050247906569
        ],
        [
          0.5116418196816888,
          0.004120748446686706,
          0.8591889593011882,
          3.2926111656337556
        ],
        [
          -0.016114336745997423,
          0.9998586313312842,
          0.0048005769034505244,
          0.09982914427918374
        ],
        [
          0.0,
          0.0,
          0.0,
          1.0
        ]
      ],
      "w": 3840.0,
      "h": 2160.0,
      "fl_x": 5281.729353822312,
      "fl_y": 5281.729353822312,
      "k1": -0.06569914933615642,
      "k2": 0,
      "k3": 0,
      "k4": 0,
      "p1": 0,
      "p2": 0,
      "cx": 1920.0,
      "cy": 1080.0,
      "is_fisheye": false,
      "camera_angle_x": 0.6973316843335846,
      "camera_angle_y": 0.40339612069386266,
      "fovx": 39.95416243306339,
      "fovy": 23.1128951877083
    },
    {
      "file_path": "./images/36.png",
      "sharpness": 107.13448250257709,
      "transform_matrix": [
        [
          -0.9900356805871983,
          0.03317680381038543,
          0.13685266123900883,
          0.567606347108017
        ],
        [
          0.1366976538333216,
          -0.006906936892745602,
          0.9905887368929824,
          3.855733886819195
        ],
        [
          0.033809800875458124,
          0.9994256320240759,
          0.002302922724814137,
          0.11339616935674636
        ],
        [
          0.0,
          0.0,
          0.0,
          1.0
        ]
      ],
      "w": 3840.0,
      "h": 2160.0,
      "fl_x": 5301.955721704995,
      "fl_y": 5301.955721704995,
      "k1": -0.07409046616548248,
      "k2": 0,
      "k3": 0,
      "k4": 0,
      "p1": 0,
      "p2": 0,
      "cx": 1920.0,
      "cy": 1080.0,
      "is_fisheye": false,
      "camera_angle_x": 0.6948807701422327,
      "camera_angle_y": 0.4018983797452594,
      "fovx": 39.8137353939502,
      "fovy": 23.02708095254941
    },
    {
      "file_path": "./images/37.png",
      "sharpness": 219.7636068908881,
      "transform_matrix": [
        [
          -0.9845109423098299,
          -0.04485414247105432,
          0.1694883783934026,
          0.5224139520709381
        ],
        [
          0.17525572732061356,
          -0.22497126019730443,
          0.958474497379335,
          3.8475471702793693
        ],
        [
          -0.0048615375843634664,
          0.9733324396225973,
          0.22934761273158524,
          0.6443486746518902
        ],
        [
          0.0,
          0.0,
          0.0,
          1.0
        ]
      ],
      "w": 3840.0,
      "h": 2160.0,
      "fl_x": 5299.792665290661,
      "fl_y": 5299.792665290661,
      "k1": -0.07599607309517348,
      "k2": 0,
      "k3": 0,
      "k4": 0,
      "p1": 0,
      "p2": 0,
      "cx": 1920.0,
      "cy": 1080.0,
      "is_fisheye": false,
      "camera_angle_x": 0.6951420871953933,
      "camera_angle_y": 0.40205802763564946,
      "fovx": 39.8287077582111,
      "fovy": 23.03622810287693
    },
    {
      "file_path": "./images/38.png",
      "sharpness": 219.90859371213477,
      "transform_matrix": [
        [
          -0.9126689524964795,
          -0.07470594127674789,
          0.40181389413752505,
          1.5542026531155686
        ],
        [
          0.4077792202804077,
          -0.2323949259965452,
          0.8830111584111338,
          3.42658109577698
        ],
        [
          0.027413330445498513,
          0.9697482254390268,
          0.24256316415891005,
          0.626474107390941
        ],
        [
          0.0,
          0.0,
          0.0,
          1.0
        ]
      ],
      "w": 3840.0,
      "h": 2160.0,
      "fl_x": 5739.167218803909,
      "fl_y": 5739.167218803909,
      "k1": 0.05347731053622742,
      "k2": 0,
      "k3": 0,
      "k4": 0,
      "p1": 0,
      "p2": 0,
      "cx": 1920.0,
      "cy": 1080.0,
      "is_fisheye": false,
      "camera_angle_x": 0.6456782762565265,
      "camera_angle_y": 0.37201073159258236,
      "fovx": 36.994640152781,
      "fovy": 21.314644853829048
    },
    {
      "file_path": "./images/39.png",
      "sharpness": 237.6931115835841,
      "transform_matrix": [
        [
          -0.8679992899552205,
          -0.11608599801878917,
          0.4828056272831165,
          1.8966148932085887
        ],
        [
          0.4965607595556727,
          -0.20713696958686512,
          0.8429244852890873,
          3.296192079239405
        ],
        [
          0.0021551644056523023,
          0.9714001837182549,
          0.23743849387486332,
          0.6243557573297033
        ],
        [
          0.0,
          0.0,
          0.0,
          1.0
        ]
      ],
      "w": 3840.0,
      "h": 2160.0,
      "fl_x": 5283.624575418818,
      "fl_y": 5283.624575418818,
      "k1": -0.06513132773862178,
      "k2": 0,
      "k3": 0,
      "k4": 0,
      "p1": 0,
      "p2": 0,
      "cx": 1920.0,
      "cy": 1080.0,
      "is_fisheye": false,
      "camera_angle_x": 0.6971013284440408,
      "camera_angle_y": 0.40325531416962546,
      "fovx": 39.940964012806546,
      "fovy": 23.1048275681416
    },
    {
      "file_path": "./images/4.png",
      "sharpness": 232.43563162637255,
      "transform_matrix": [
        [
          0.4006337839334721,
          0.08399340563729021,
          0.9123802272164967,
          3.4886924447979832
        ],
        [
          0.915987445900489,
          -0.013417978263491526,
          -0.40098248940823933,
          -1.5044998936398029
        ],
        [
          -0.021437586829486262,
          0.9963759660408329,
          -0.08231260050662488,
          -0.5310613363259361
        ],
        [
          0.0,
          0.0,
          0.0,
          1.0
        ]
      ],
      "w": 3840.0,
      "h": 2160.0,
      "fl_x": 3598.5018345116514,
      "fl_y": 3598.5018345116514,
      "k1": -0.1623226008792523,
      "k2": 0,
      "k3": 0,
      "k4": 0,
      "p1": 0,
      "p2": 0,
      "cx": 1920.0,
      "cy": 1080.0,
      "is_fisheye": false,
      "camera_angle_x": 0.9802603620882998,
      "camera_angle_y": 0.5831427537406085,
      "fovx": 56.16478157162547,
      "fovy": 33.41161864297357
    },
    {
      "file_path": "./images/40.png",
      "sharpness": 191.79906611641672,
      "transform_matrix": [
        [
          -0.6721840994469496,
          -0.1816985139088449,
          0.7177424235260443,
          2.755135653254389
        ],
        [
          0.7398854694375598,
          -0.1292798067516501,
          0.6601940803138324,
          2.622556716236374
        ],
        [
          -0.027166681473531993,
          0.9748191533017796,
          0.22133592073758634,
          0.6146735100813544
        ],
        [
          0.0,
          0.0,
          0.0,
          1.0
        ]
      ],
      "w": 3840.0,
      "h": 2160.0,
      "fl_x": 5245.8961625634,
      "fl_y": 5245.8961625634,
      "k1": -0.00807629332013583,
      "k2": 0,
      "k3": 0,
      "k4": 0,
      "p1": 0,
      "p2": 0,
      "cx": 1920.0,
      "cy": 1080.0,
      "is_fisheye": false,
      "camera_angle_x": 0.7017146904596452,
      "camera_angle_y": 0.4060767389956504,
      "fovx": 40.20529018566664,
      "fovy": 23.26648330288626
    },
    {
      "file_path": "./images/41.png",
      "sharpness": 265.71606216084,
      "transform_matrix": [
        [
          -0.6491271014955141,
          -0.17330499948176445,
          0.7406749511720283,
          2.9595139232622723
        ],
        [
          0.7603748938053367,
          -0.1754044228150941,
          0.6253505491541811,
          2.4460523595732235
        ],
        [
          0.021541285706841145,
          0.9691226267327857,
          0.24563653514833622,
          0.6099332674652682
        ],
        [
          0.0,
          0.0,
          0.0,
          1.0
        ]
      ],
      "w": 3840.0,
      "h": 2160.0,
      "fl_x": 5295.675640184238,
      "fl_y": 5295.675640184238,
      "k1": -0.07300038804979249,
      "k2": 0,
      "k3": 0,
      "k4": 0,
      "p1": 0,
      "p2": 0,
      "cx": 1920.0,
      "cy": 1080.0,
      "is_fisheye": false,
      "camera_angle_x": 0.6956399829320403,
      "camera_angle_y": 0.4023622373262165,
      "fovx": 39.85723508255853,
      "fovy": 23.053658034233404
    },
    {
      "file_path": "./images/43.png",
      "sharpness": 220.75323121312624,
      "transform_matrix": [
        [
          -0.33901180902373557,
          -0.21373890753856717,
          0.9161804804631578,
          3.612365204073407
        ],
        [
          0.9407637547749017,
          -0.08310415414290327,
